99.498116;840.06635;2529.732;1.0; 93.94066;570.166;2571.5015;1.0; -82.102234;570.8857;2586.0376;1.0; -121.509285;295.68683;2646.201;1.0; -153.97816;-28.326105;2508.4854;1.0; 269.98355;569.44635;2556.965;1.0; 439.63528;397.689;2507.2703;1.0; 522.3471;680.1478;2348.9712;1.0; 92.78771;331.5659;2569.351;1.0; -15.790201;93.40489;2576.071;1.0; -34.901787;-408.46112;2602.49;1.0; -7.6481533;-877.8745;2690.651;1.0; 199.05972;92.526596;2558.3303;1.0; 211.04109;-405.46097;2579.1252;1.0; 196.11945;-859.9263;2655.0906;1.0; 
100.19806;840.4078;2529.2847;1.0; 94.772545;569.7613;2571.1577;1.0; -81.611046;571.056;2586.2996;1.0; -124.80751;292.48065;2644.9023;1.0; -148.81108;-27.427841;2507.7366;1.0; 271.15613;568.4666;2556.0159;1.0; 459.4479;378.84137;2506.4207;1.0; 585.8562;624.7659;2329.8018;1.0; 92.861206;331.4028;2569.274;1.0; -16.95762;93.83637;2576.6536;1.0; -34.265057;-408.6382;2602.3425;1.0; -7.588255;-879.55023;2690.8638;1.0; 198.85736;92.252235;2558.1267;1.0; 210.82858;-405.82822;2578.9775;1.0; 196.62599;-864.0562;2658.9443;1.0; 
100.19806;840.4078;2529.2847;1.0; 94.772545;569.7613;2571.1577;1.0; -81.611046;571.056;2586.2996;1.0; -124.80751;292.48065;2644.9023;1.0; -148.81108;-27.427841;2507.7366;1.0; 271.15613;568.4666;2556.0159;1.0; 459.4479;378.84137;2506.4207;1.0; 585.8562;624.7659;2329.8018;1.0; 92.861206;331.4028;2569.274;1.0; -16.95762;93.83637;2576.6536;1.0; -34.265057;-408.6382;2602.3425;1.0; -7.588255;-879.55023;2690.8638;1.0; 198.85736;92.252235;2558.1267;1.0; 210.82858;-405.82822;2578.9775;1.0; 196.62599;-864.0562;2658.9443;1.0; 
101.22673;840.7071;2529.1711;1.0; 95.317764;568.6602;2569.9958;1.0; -80.98933;570.22095;2586.0278;1.0; -125.78717;289.06638;2643.0142;1.0; -147.01724;-27.453352;2514.223;1.0; 271.62485;567.0995;2553.9639;1.0; 444.77362;343.96472;2514.5496;1.0; 634.3697;508.03296;2336.5403;1.0; 93.07447;331.11514;2568.451;1.0; -16.810822;94.52293;2576.694;1.0; -33.47242;-408.03925;2602.4822;1.0; -6.587955;-882.28107;2690.7073;1.0; 198.47318;92.61718;2557.118;1.0; 210.50862;-406.32486;2578.4233;1.0; 197.83351;-866.2206;2662.0703;1.0; 
101.22673;840.7071;2529.1711;1.0; 95.317764;568.6602;2569.9958;1.0; -80.98933;570.22095;2586.0278;1.0; -125.78717;289.06638;2643.0142;1.0; -147.01724;-27.453352;2514.223;1.0; 271.62485;567.0995;2553.9639;1.0; 444.77362;343.96472;2514.5496;1.0; 634.3697;508.03296;2336.5403;1.0; 93.07447;331.11514;2568.451;1.0; -16.810822;94.52293;2576.694;1.0; -33.47242;-408.03925;2602.4822;1.0; -6.587955;-882.28107;2690.7073;1.0; 198.47318;92.61718;2557.118;1.0; 210.50862;-406.32486;2578.4233;1.0; 197.83351;-866.2206;2662.0703;1.0; 
101.671936;840.59814;2528.7058;1.0; 94.20955;562.2049;2563.1758;1.0; -81.27319;563.7048;2583.3604;1.0; -127.91991;280.59103;2640.307;1.0; -145.74713;-40.425743;2509.428;1.0; 269.6923;560.7051;2542.991;1.0; 443.29813;330.41385;2518.8506;1.0; 682.2568;430.52615;2343.2192;1.0; 92.416595;328.0092;2564.9905;1.0; -16.339666;94.72768;2579.1086;1.0; -32.330532;-406.74316;2604.9602;1.0; -6.1898737;-881.2053;2694.2546;1.0; 197.58696;92.89924;2554.502;1.0; 209.96205;-405.82343;2575.9646;1.0; 198.32135;-862.8963;2662.5242;1.0; 
101.565216;840.44696;2526.843;1.0; 93.581604;553.7017;2559.2466;1.0; -81.68673;555.252;2581.2869;1.0; -129.25528;270.02472;2640.0415;1.0; -150.39925;-43.502495;2497.455;1.0; 268.84995;552.1514;2537.2065;1.0; 448.62006;320.18637;2520.8208;1.0; 704.9215;343.4339;2357.4026;1.0; 92.06675;323.63333;2563.3833;1.0; -15.963447;94.507095;2580.9143;1.0; -32.01003;-404.90332;2606.7622;1.0; -5.5802736;-877.9119;2693.8252;1.0; 197.06723;92.622765;2554.1255;1.0; 209.70282;-403.1782;2573.7822;1.0; 197.44313;-857.2884;2665.935;1.0; 
101.565216;840.44696;2526.843;1.0; 93.581604;553.7017;2559.2466;1.0; -81.68673;555.252;2581.2869;1.0; -129.25528;270.02472;2640.0415;1.0; -150.39925;-43.502495;2497.455;1.0; 268.84995;552.1514;2537.2065;1.0; 448.62006;320.18637;2520.8208;1.0; 704.9215;343.4339;2357.4026;1.0; 92.06675;323.63333;2563.3833;1.0; -15.963447;94.507095;2580.9143;1.0; -32.01003;-404.90332;2606.7622;1.0; -5.5802736;-877.9119;2693.8252;1.0; 197.06723;92.622765;2554.1255;1.0; 209.70282;-403.1782;2573.7822;1.0; 197.44313;-857.2884;2665.935;1.0; 
101.767265;839.6265;2523.5103;1.0; 93.780045;551.84216;2556.7568;1.0; -82.11644;553.6792;2579.7144;1.0; -130.99948;264.57565;2638.4292;1.0; -154.41167;-48.200005;2497.5286;1.0; 269.6765;550.0051;2533.7993;1.0; 452.26788;304.3526;2515.6738;1.0; 721.5052;269.17477;2386.0337;1.0; 92.156906;322.18655;2562.6978;1.0; -16.058886;93.644196;2582.5508;1.0; -32.47115;-404.5727;2608.44;1.0; -5.4967966;-873.21735;2691.7007;1.0; 197.12643;91.417694;2554.7266;1.0; 209.67715;-403.95505;2574.1926;1.0; 197.78369;-854.4647;2669.3135;1.0; 
101.767265;839.6265;2523.5103;1.0; 93.780045;551.84216;2556.7568;1.0; -82.11644;553.6792;2579.7144;1.0; -130.99948;264.57565;2638.4292;1.0; -154.41167;-48.200005;2497.5286;1.0; 269.6765;550.0051;2533.7993;1.0; 452.26788;304.3526;2515.6738;1.0; 721.5052;269.17477;2386.0337;1.0; 92.156906;322.18655;2562.6978;1.0; -16.058886;93.644196;2582.5508;1.0; -32.47115;-404.5727;2608.44;1.0; -5.4967966;-873.21735;2691.7007;1.0; 197.12643;91.417694;2554.7266;1.0; 209.67715;-403.95505;2574.1926;1.0; 197.78369;-854.4647;2669.3135;1.0; 
100.199135;838.83905;2523.1455;1.0; 94.26638;551.0469;2554.9465;1.0; -81.85842;553.6112;2578.3635;1.0; -132.89192;262.6218;2636.7156;1.0; -158.05663;-54.65317;2516.997;1.0; 270.39117;548.4825;2531.5295;1.0; 452.987;294.54626;2515.2666;1.0; 713.2102;228.9912;2399.597;1.0; 91.87098;321.38794;2562.0796;1.0; -18.246637;93.29745;2583.5352;1.0; -30.775671;-400.48672;2607.7568;1.0; -6.514132;-859.0187;2685.0486;1.0; 197.19778;90.16062;2554.8904;1.0; 209.33522;-403.64545;2574.6824;1.0; 198.28514;-849.9465;2670.0037;1.0; 
100.199135;838.83905;2523.1455;1.0; 94.26638;551.0469;2554.9465;1.0; -81.85842;553.6112;2578.3635;1.0; -132.89192;262.6218;2636.7156;1.0; -158.05663;-54.65317;2516.997;1.0; 270.39117;548.4825;2531.5295;1.0; 452.987;294.54626;2515.2666;1.0; 713.2102;228.9912;2399.597;1.0; 91.87098;321.38794;2562.0796;1.0; -18.246637;93.29745;2583.5352;1.0; -30.775671;-400.48672;2607.7568;1.0; -6.514132;-859.0187;2685.0486;1.0; 197.19778;90.16062;2554.8904;1.0; 209.33522;-403.64545;2574.6824;1.0; 198.28514;-849.9465;2670.0037;1.0; 
98.7637;837.9296;2522.2178;1.0; 94.314575;550.5582;2554.3953;1.0; -82.12269;553.45575;2578.5;1.0; -133.51884;262.55975;2637.5278;1.0; -150.73108;-47.732376;2529.933;1.0; 270.75183;547.6607;2530.2905;1.0; 451.2135;289.14807;2513.6016;1.0; 706.7444;225.38551;2397.178;1.0; 91.42921;317.2304;2561.3228;1.0; -20.542164;85.694046;2583.1536;1.0; -32.68756;-407.75595;2606.3694;1.0; -7.352758;-868.6132;2686.2144;1.0; 197.62984;82.11115;2553.347;1.0; 210.42236;-395.41577;2575.622;1.0; 203.05739;-838.0694;2648.9854;1.0; 
97.746086;836.9519;2521.524;1.0; 95.04365;550.0733;2555.0618;1.0; -81.33958;553.2976;2578.8381;1.0; -134.09885;260.82025;2636.1611;1.0; -162.83818;-46.609978;2535.5671;1.0; 271.42688;546.84906;2531.2852;1.0; 451.75986;290.346;2514.6582;1.0; 721.28455;257.95474;2402.5889;1.0; 91.77112;318.15872;2562.2341;1.0; -20.058817;88.22854;2584.0403;1.0; -32.586212;-405.103;2606.9724;1.0; -7.689908;-868.6323;2687.7212;1.0; 197.05598;84.2597;2554.773;1.0; 209.9494;-398.61093;2576.0522;1.0; 201.08687;-837.5501;2657.545;1.0; 
96.80316;836.4559;2520.3892;1.0; 94.66735;548.6825;2554.8708;1.0; -81.17042;552.097;2579.0044;1.0; -133.63985;258.76215;2635.8362;1.0; -169.30034;-50.579044;2536.9927;1.0; 270.50513;545.26794;2530.7373;1.0; 452.2904;289.61594;2517.0352;1.0; 723.5853;309.11154;2383.543;1.0; 91.160095;317.75958;2561.9888;1.0; -21.595459;88.95814;2584.101;1.0; -34.948917;-400.3821;2609.5916;1.0; -8.7662;-864.7748;2687.5642;1.0; 196.90114;84.71525;2554.1125;1.0; 209.27289;-399.01083;2576.0679;1.0; 199.83646;-835.3826;2660.546;1.0; 
96.76383;836.25037;2519.971;1.0; 94.30227;548.2245;2555.468;1.0; -81.370834;551.744;2579.8787;1.0; -132.68298;256.07404;2637.0662;1.0; -169.38542;-63.1913;2550.501;1.0; 269.97537;544.70496;2531.0574;1.0; 453.6637;293.44415;2517.0679;1.0; 708.22345;397.6111;2353.6746;1.0; 90.65844;315.96265;2562.7324;1.0; -22.479925;85.89447;2585.2117;1.0; -35.210003;-398.15976;2608.0637;1.0; -8.777704;-859.84546;2686.1719;1.0; 196.50916;81.50713;2554.782;1.0; 208.22252;-402.21048;2577.1187;1.0; 198.36984;-837.38257;2663.8867;1.0; 
97.43757;836.60114;2519.4275;1.0; 93.9538;548.5157;2555.8354;1.0; -81.56964;551.4441;2579.665;1.0; -131.84291;255.85457;2636.686;1.0; -174.83298;-59.42143;2544.5266;1.0; 269.47723;545.5873;2532.0059;1.0; 457.46893;311.2909;2515.351;1.0; 673.25085;499.62305;2348.8345;1.0; 90.956985;316.24393;2562.3057;1.0; -21.615816;85.80034;2583.652;1.0; -35.26692;-399.34677;2607.756;1.0; -9.040868;-859.2561;2685.9907;1.0; 197.53616;82.14401;2553.8994;1.0; 206.98875;-401.91653;2577.3022;1.0; 198.33087;-840.7649;2664.1548;1.0; 
97.43757;836.60114;2519.4275;1.0; 93.9538;548.5157;2555.8354;1.0; -81.56964;551.4441;2579.665;1.0; -131.84291;255.85457;2636.686;1.0; -174.83298;-59.42143;2544.5266;1.0; 269.47723;545.5873;2532.0059;1.0; 457.46893;311.2909;2515.351;1.0; 673.25085;499.62305;2348.8345;1.0; 90.956985;316.24393;2562.3057;1.0; -21.615816;85.80034;2583.652;1.0; -35.26692;-399.34677;2607.756;1.0; -9.040868;-859.2561;2685.9907;1.0; 197.53616;82.14401;2553.8994;1.0; 206.98875;-401.91653;2577.3022;1.0; 198.33087;-840.7649;2664.1548;1.0; 
97.78925;837.11926;2518.8125;1.0; 94.323494;555.0854;2565.8308;1.0; -80.419495;557.37317;2583.1133;1.0; -129.77786;262.17825;2639.9294;1.0; -173.31691;-50.839;2546.4438;1.0; 269.0665;552.79755;2548.548;1.0; 461.64764;353.30902;2506.4915;1.0; 616.18884;615.5084;2329.9905;1.0; 91.32975;319.89212;2566.6953;1.0; -21.30272;86.13431;2578.4036;1.0; -35.726727;-398.55075;2603.9636;1.0; -10.17717;-852.1274;2680.7434;1.0; 197.97473;83.26343;2556.7163;1.0; 206.6156;-400.92307;2580.0852;1.0; 197.1845;-838.68036;2667.5776;1.0; 
98.027756;837.31946;2518.528;1.0; 92.12366;561.1106;2566.64;1.0; -80.74809;562.43097;2582.792;1.0; -129.38985;267.87982;2640.2302;1.0; -178.10524;-37.915287;2539.2983;1.0; 264.9954;559.7902;2550.488;1.0; 463.64053;375.51398;2497.3755;1.0; 530.2981;680.99286;2346.947;1.0; 90.32043;322.04184;2566.8835;1.0; -21.064568;83.81007;2577.3657;1.0; -36.227367;-396.85107;2604.8196;1.0; -9.84357;-851.2403;2680.5862;1.0; 198.09897;82.136116;2556.8884;1.0; 206.11453;-402.57245;2578.8958;1.0; 196.03108;-842.87195;2667.0317;1.0; 
98.6523;837.4477;2518.0232;1.0; 90.56351;567.84717;2564.806;1.0; -81.88746;568.5956;2582.462;1.0; -130.41595;276.50058;2639.7368;1.0; -180.14041;-28.013336;2527.8901;1.0; 263.0145;567.0987;2547.15;1.0; 456.20685;410.7522;2497.0806;1.0; 448.90555;732.7087;2357.169;1.0; 89.615326;326.24582;2565.7861;1.0; -20.729416;85.11927;2577.9668;1.0; -34.725376;-397.92612;2605.3057;1.0; -10.220466;-850.8657;2681.7346;1.0; 198.0637;84.169716;2555.5662;1.0; 205.92273;-402.84915;2577.19;1.0; 194.1422;-841.76587;2662.097;1.0; 
97.58039;836.3627;2524.2205;0.0; 90.71823;590.3874;2559.162;1.0; -94.71256;594.13464;2578.3423;1.0; -155.5094;106.04959;2581.8164;1.0; -180.37164;-46.207367;2525.893;1.0; 276.14902;586.64014;2539.982;1.0; 423.63583;473.55264;2463.5269;1.0; 385.33386;783.31946;2366.4243;1.0; 87.22226;351.61102;2572.0137;1.0; -26.412098;115.06038;2596.2576;1.0; -34.62933;-368.5363;2641.6755;1.0; -26.414284;-819.06244;2663.2454;1.0; 193.86467;110.60895;2573.4731;1.0; 200.24107;-366.92328;2625.4634;1.0; 197.53891;-811.6626;2635.0562;1.0; 
90.62818;819.8122;2512.285;1.0; 84.489685;574.5113;2565.2305;1.0; -107.539474;578.41705;2585.1858;1.0; -138.25305;269.6188;2586.9565;0.5; -180.86807;-22.529646;2491.374;0.5; 276.51886;570.6056;2545.2754;1.0; 421.81458;511.77777;2452.306;1.0; 336.4411;813.86145;2392.2305;1.0; 79.94858;336.5511;2568.106;1.0; -34.093628;100.81801;2582.3604;1.0; -33.511703;-367.88837;2630.4995;1.0; -34.619907;-837.0038;2624.9023;1.0; 184.90857;96.36369;2559.6023;1.0; 198.27327;-370.14392;2613.506;1.0; 200.19766;-836.3101;2586.7263;1.0; 
89.78445;814.6085;2507.2495;1.0; 85.075676;578.5946;2558.9788;1.0; -110.56742;583.9905;2575.0723;1.0; -135.15225;274.6422;2576.4995;0.5; -173.73257;-20.932407;2490.186;0.5; 280.71878;573.1987;2542.8853;1.0; 420.25504;529.29456;2444.017;1.0; 311.8356;827.48035;2400.0454;1.0; 79.86751;341.8988;2575.025;1.0; -34.73028;108.21997;2600.0693;1.0; -26.931427;-362.65433;2655.397;1.0; -32.97987;-820.83374;2639.917;1.0; 184.04897;102.186005;2582.0725;1.0; 201.52808;-367.83047;2641.2231;1.0; 209.91237;-826.65155;2596.1028;1.0; 
90.09846;811.20715;2504.7622;1.0; 86.05521;579.84143;2555.0845;1.0; -111.18094;586.2916;2571.9614;1.0; -130.8559;276.59113;2573.11;0.5; -165.75041;-21.768242;2495.22;0.5; 283.29135;573.3912;2538.2075;1.0; 421.63657;529.1641;2440.0017;1.0; 315.90756;833.3091;2392.355;1.0; 80.26262;343.77243;2577.6118;1.0; -34.72181;111.27435;2609.4824;1.0; -22.316921;-360.25092;2659.63;1.0; -33.030125;-818.9964;2628.0603;1.0; 183.66188;104.13253;2590.796;1.0; 201.9726;-366.98117;2642.2363;1.0; 211.14297;-828.85876;2578.0542;1.0; 
88.036224;816.69165;2511.0295;1.0; 83.50151;587.46686;2556.1313;1.0; -114.1657;595.49646;2576.464;1.0; -129.90921;285.5705;2577.3875;0.5; -161.44533;-15.050714;2507.1367;0.5; 281.16873;579.4373;2535.7986;1.0; 432.3198;522.0907;2437.027;1.0; 348.02298;831.55664;2372.4214;1.0; 76.2586;351.42044;2578.935;1.0; -39.906033;119.79856;2612.9429;1.0; -24.580446;-352.67462;2652.1704;1.0; -40.202168;-816.5051;2618.79;1.0; 177.93741;110.949425;2590.5347;1.0; 196.6006;-361.21945;2631.7407;1.0; 206.51527;-820.5807;2568.3962;1.0; 
84.66656;814.92645;2505.6511;1.0; 80.11144;587.5475;2553.4924;1.0; -117.95126;596.14886;2574.0693;1.0; -130.5479;286.07858;2574.8105;0.5; -159.0304;-16.378872;2511.4778;0.5; 278.17413;578.94617;2532.9155;1.0; 441.66177;503.54816;2434.01;1.0; 398.93195;813.412;2348.618;1.0; 72.64694;351.91608;2580.1392;1.0; -43.66506;121.01161;2618.0942;1.0; -26.862535;-351.4191;2658.7864;1.0; -38.287388;-819.3021;2619.3066;1.0; 174.02994;111.557686;2595.4775;1.0; 197.44884;-360.63895;2635.266;1.0; 208.72678;-821.5926;2574.7554;1.0; 
80.264854;818.81445;2511.9624;1.0; 75.910515;591.1628;2554.9045;1.0; -122.281876;600.17426;2576.182;1.0; -132.36009;290.0116;2576.7766;0.5; -158.07079;-13.935878;2519.7004;0.5; 274.1029;582.15125;2533.6274;1.0; 467.3261;467.77072;2428.5095;1.0; 508.73648;755.2639;2314.6946;1.0; 67.75572;355.25275;2578.8594;1.0; -49.193005;124.289444;2614.494;1.0; -29.413542;-348.67993;2646.3958;1.0; -40.77389;-817.4814;2611.4773;1.0; 168.39487;114.39604;2591.1343;1.0; 191.75853;-358.4739;2621.9292;1.0; 208.15886;-823.2603;2562.5618;1.0; 
81.372826;819.6195;2518.1184;1.0; 75.69111;591.95416;2555.6726;1.0; -122.457306;601.146;2578.2517;1.0; -130.52036;290.9242;2578.7285;0.5; -153.71855;-14.231998;2527.3052;0.5; 273.83954;582.7624;2533.0935;1.0; 477.653;432.37756;2431.258;1.0; 601.85114;674.1835;2296.5627;1.0; 67.12408;355.77106;2576.6392;1.0; -50.15138;124.63075;2609.9932;1.0; -24.364157;-347.86957;2644.9004;1.0; -37.077;-823.5362;2611.0354;1.0; 167.26547;114.54511;2585.2183;1.0; 195.11098;-357.79303;2620.7136;1.0; 211.27287;-826.40265;2560.5361;1.0; 
80.77489;821.82526;2519.698;1.0; 75.477036;593.69977;2555.2817;1.0; -122.709305;602.8094;2578.0737;1.0; -129.15999;292.54977;2578.456;0.5; -150.08337;-13.586645;2532.1362;0.5; 273.66336;584.59015;2532.49;1.0; 483.8259;395.18878;2441.6313;1.0; 678.2406;569.915;2297.6543;1.0; 66.91383;357.4119;2575.2617;1.0; -50.34408;126.120155;2607.7417;1.0; -25.151634;-346.277;2645.1658;1.0; -36.24347;-819.4451;2613.515;1.0; 167.04535;116.1279;2582.7415;1.0; 196.13817;-356.11462;2619.3225;1.0; 211.4921;-822.1982;2568.2483;1.0; 
79.23098;823.3031;2518.4836;1.0; 74.59261;595.3735;2554.5784;1.0; -123.574196;604.4696;2577.7927;1.0; -128.7349;294.18576;2578.0989;0.5; -147.60062;-12.745379;2536.3835;0.5; 272.75943;586.27734;2531.3638;1.0; 482.4121;363.09454;2455.811;1.0; 726.7415;457.13043;2314.9429;1.0; 66.106674;359.0854;2574.724;1.0; -51.048565;127.78536;2607.6;1.0; -23.594643;-344.43585;2646.0112;1.0; -36.726933;-820.3023;2615.739;1.0; 166.29002;117.80923;2582.1396;1.0; 195.58247;-354.21967;2621.54;1.0; 211.09885;-827.2094;2566.7578;1.0; 
78.47471;821.4752;2510.3767;1.0; 74.4659;594.00995;2550.6543;1.0; -123.74804;603.1085;2573.5894;1.0; -127.87669;292.80917;2573.8347;0.5; -144.8826;-14.7662325;2536.2717;0.5; 272.67984;584.9114;2527.7195;1.0; 478.20358;338.54532;2471.405;1.0; 749.23553;357.29834;2341.1494;1.0; 66.33481;358.02057;2574.002;1.0; -50.483776;127.020256;2609.9255;1.0; -24.912403;-345.25037;2649.2214;1.0; -33.94589;-817.74884;2619.2693;1.0; 166.89122;117.04213;2584.7737;1.0; 196.0479;-355.01935;2624.139;1.0; 212.52867;-827.21216;2572.3132;1.0; 
78.73754;819.0994;2505.322;1.0; 75.18523;591.2626;2548.0603;1.0; -122.982056;600.32623;2571.4675;1.0; -126.285065;290.01697;2571.6638;0.5; -141.61111;-18.080587;2537.8435;0.5; 273.3525;582.1989;2524.6528;1.0; 476.60336;319.77405;2482.199;1.0; 757.1859;267.01462;2375.401;1.0; 67.35191;355.4247;2573.063;1.0; -49.139847;124.5566;2610.9004;1.0; -24.558235;-347.96884;2647.7537;1.0; -32.908848;-821.45447;2617.4475;1.0; 168.17705;114.6171;2585.2312;1.0; 196.04868;-357.8554;2620.2134;1.0; 214.25175;-832.64856;2569.7983;1.0; 
78.73754;819.0994;2505.322;1.0; 75.18523;591.2626;2548.0603;1.0; -122.982056;600.32623;2571.4675;1.0; -126.285065;290.01697;2571.6638;0.5; -141.61111;-18.080587;2537.8435;0.5; 273.3525;582.1989;2524.6528;1.0; 476.60336;319.77405;2482.199;1.0; 757.1859;267.01462;2375.401;1.0; 67.35191;355.4247;2573.063;1.0; -49.139847;124.5566;2610.9004;1.0; -24.558235;-347.96884;2647.7537;1.0; -32.908848;-821.45447;2617.4475;1.0; 168.17705;114.6171;2585.2312;1.0; 196.04868;-357.8554;2620.2134;1.0; 214.25175;-832.64856;2569.7983;1.0; 
79.778305;817.68567;2503.796;1.0; 77.23737;588.95526;2545.823;1.0; -120.84882;597.9183;2569.9663;1.0; -123.49127;287.60263;2570.1235;0.5; -137.30083;-20.91808;2539.6758;0.5; 275.32358;579.99225;2521.6797;1.0; 472.80063;299.3874;2491.596;1.0; 754.0904;197.868;2403.5654;1.0; 69.61786;353.1048;2570.8657;1.0; -46.614162;122.16882;2609.1465;1.0; -24.27864;-350.66235;2643.3828;1.0; -30.60244;-817.3838;2615.4854;1.0; 170.61086;112.33981;2582.6704;1.0; 196.1462;-360.2869;2617.4956;1.0; 215.41545;-830.3877;2565.6118;1.0; 
79.778305;817.68567;2503.796;1.0; 77.23737;588.95526;2545.823;1.0; -120.84882;597.9183;2569.9663;1.0; -123.49127;287.60263;2570.1235;0.5; -137.30083;-20.91808;2539.6758;0.5; 275.32358;579.99225;2521.6797;1.0; 472.80063;299.3874;2491.596;1.0; 754.0904;197.868;2403.5654;1.0; 69.61786;353.1048;2570.8657;1.0; -46.614162;122.16882;2609.1465;1.0; -24.27864;-350.66235;2643.3828;1.0; -30.60244;-817.3838;2615.4854;1.0; 170.61086;112.33981;2582.6704;1.0; 196.1462;-360.2869;2617.4956;1.0; 215.41545;-830.3877;2565.6118;1.0; 
80.13156;815.52734;2503.034;1.0; 77.60344;586.5575;2544.4607;1.0; -120.43795;595.272;2569.0747;1.0; -122.55189;284.95224;2569.2007;0.5; -134.99306;-23.911404;2541.7913;0.5; 275.64484;577.8431;2519.8467;1.0; 461.897;290.19583;2498.294;1.0; 741.6696;163.05026;2422.7617;1.0; 70.332466;350.68747;2569.468;1.0; -45.524868;119.59557;2607.9712;1.0; -26.021954;-352.74878;2649.2478;1.0; -31.974285;-821.0714;2613.9463;1.0; 171.64784;110.03927;2580.9792;1.0; 195.90544;-362.07455;2622.5083;1.0; 213.02885;-826.3554;2568.3938;1.0; 
80.13156;815.52734;2503.034;1.0; 77.60344;586.5575;2544.4607;1.0; -120.43795;595.272;2569.0747;1.0; -122.55189;284.95224;2569.2007;0.5; -134.99306;-23.911404;2541.7913;0.5; 275.64484;577.8431;2519.8467;1.0; 461.897;290.19583;2498.294;1.0; 741.6696;163.05026;2422.7617;1.0; 70.332466;350.68747;2569.468;1.0; -45.524868;119.59557;2607.9712;1.0; -26.021954;-352.74878;2649.2478;1.0; -31.974285;-821.0714;2613.9463;1.0; 171.64784;110.03927;2580.9792;1.0; 195.90544;-362.07455;2622.5083;1.0; 213.02885;-826.3554;2568.3938;1.0; 
82.30266;817.03284;2501.1536;1.0; 79.497185;587.48926;2542.9343;1.0; -118.68767;595.89496;2566.4648;1.0; -120.37882;285.57266;2566.5657;0.5; -131.58563;-23.56886;2541.8926;0.5; 277.68204;579.0835;2519.4038;1.0; 459.44873;283.59888;2501.6504;1.0; 740.9681;150.52916;2431.0547;1.0; 72.44476;351.59543;2567.8032;1.0; -43.27363;120.310524;2605.5742;1.0; -23.97915;-351.9737;2648.0186;1.0; -31.277027;-813.5353;2613.666;1.0; 174.05832;111.09269;2579.7703;1.0; 197.02383;-361.00818;2622.474;1.0; 213.90874;-820.97284;2568.3315;1.0; 
82.30266;817.03284;2501.1536;1.0; 79.497185;587.48926;2542.9343;1.0; -118.68767;595.89496;2566.4648;1.0; -120.37882;285.57266;2566.5657;0.5; -131.58563;-23.56886;2541.8926;0.5; 277.68204;579.0835;2519.4038;1.0; 459.44873;283.59888;2501.6504;1.0; 740.9681;150.52916;2431.0547;1.0; 72.44476;351.59543;2567.8032;1.0; -43.27363;120.310524;2605.5742;1.0; -23.97915;-351.9737;2648.0186;1.0; -31.277027;-813.5353;2613.666;1.0; 174.05832;111.09269;2579.7703;1.0; 197.02383;-361.00818;2622.474;1.0; 213.90874;-820.97284;2568.3315;1.0; 
81.557556;818.55286;2500.7136;1.0; 79.574844;588.94824;2542.977;1.0; -118.755806;596.9292;2565.3906;1.0; -120.10878;286.60526;2565.4712;0.5; -130.20255;-22.761356;2543.2625;0.5; 277.90552;580.9672;2520.5635;1.0; 461.22272;283.79868;2500.8271;1.0; 745.8485;157.56999;2424.501;1.0; 72.94899;353.09302;2568.33;1.0; -42.42214;121.613815;2605.9724;1.0; -24.451311;-350.24704;2653.3267;1.0; -33.414062;-815.3223;2614.9275;1.0; 175.0684;112.86182;2581.3938;1.0; 197.50844;-359.12085;2625.7976;1.0; 212.26088;-818.2436;2572.394;1.0; 
81.46885;821.2695;2509.4973;1.0; 79.70929;591.03723;2545.566;1.0; -118.89276;597.8732;2565.7236;1.0; -119.97516;287.5482;2565.788;0.5; -129.06558;-22.000786;2545.7983;0.5; 278.31134;584.2012;2525.408;1.0; 467.6365;288.9195;2496.909;1.0; 761.0266;190.52866;2417.152;1.0; 73.71504;354.7823;2566.6284;1.0; -41.17959;122.2758;2598.7444;1.0; -23.578487;-349.86566;2643.5303;1.0; -34.888786;-820.6504;2607.0347;1.0; 176.62119;114.77893;2576.6377;1.0; 198.44748;-357.75317;2614.697;1.0; 214.1802;-823.08984;2565.629;1.0; 
84.90686;820.092;2505.3845;1.0; 82.30672;590.71265;2544.5217;1.0; -116.55571;597.3951;2561.865;1.0; -117.421646;287.06937;2561.9165;0.5; -125.60772;-22.627396;2543.9243;0.5; 281.16913;584.0302;2527.1787;1.0; 482.3088;327.45227;2477.9553;1.0; 753.5159;341.86575;2369.539;1.0; 76.32274;354.56128;2566.8984;1.0; -38.70275;122.07409;2598.7847;1.0; -22.112999;-349.39777;2650.1802;1.0; -32.12095;-819.8687;2614.6729;1.0; 179.38028;114.745766;2579.7654;1.0; 199.80045;-356.88803;2627.5547;1.0; 214.55411;-825.5255;2570.3093;1.0; 
84.99124;817.53784;2503.8271;1.0; 82.59928;589.3402;2544.1094;1.0; -116.39232;596.02783;2560.0212;1.0; -117.08509;285.7017;2560.0625;0.5; -124.456215;-24.114784;2543.8687;0.5; 281.59088;582.6526;2528.1975;1.0; 495.15234;365.72433;2456.9773;1.0; 727.29144;468.21368;2334.0696;1.0; 76.50067;353.23685;2567.0737;1.0; -38.69927;120.80013;2598.7622;1.0; -22.938833;-350.53036;2651.936;1.0; -34.288097;-824.10333;2611.7937;1.0; 179.5034;113.46684;2581.3142;1.0; 199.50621;-358.6911;2624.2483;1.0; 212.53197;-823.5297;2569.6406;1.0; 
84.99124;817.53784;2503.8271;1.0; 82.59928;589.3402;2544.1094;1.0; -116.39232;596.02783;2560.0212;1.0; -117.08509;285.7017;2560.0625;0.5; -124.456215;-24.114784;2543.8687;0.5; 281.59088;582.6526;2528.1975;1.0; 495.15234;365.72433;2456.9773;1.0; 727.29144;468.21368;2334.0696;1.0; 76.50067;353.23685;2567.0737;1.0; -38.69927;120.80013;2598.7622;1.0; -22.938833;-350.53036;2651.936;1.0; -34.288097;-824.10333;2611.7937;1.0; 179.5034;113.46684;2581.3142;1.0; 199.50621;-358.6911;2624.2483;1.0; 212.53197;-823.5297;2569.6406;1.0; 
84.43841;812.9998;2494.5488;1.0; 81.82062;585.7528;2541.2935;1.0; -117.156845;592.5011;2557.477;1.0; -117.71112;282.17468;2557.51;0.5; -124.34802;-27.738754;2542.935;0.5; 280.79807;579.0045;2525.1096;1.0; 502.07895;407.86417;2443.9868;1.0; 678.18256;578.50244;2310.9358;1.0; 76.02072;350.0923;2568.25;1.0; -38.872658;118.131645;2604.0796;1.0; -26.440536;-353.44907;2655.938;1.0; -33.809025;-821.08246;2619.725;1.0; 179.31432;110.73187;2586.3335;1.0; 199.05193;-361.23035;2631.8792;1.0; 213.5093;-829.86096;2569.067;1.0; 
84.43841;812.9998;2494.5488;1.0; 81.82062;585.7528;2541.2935;1.0; -117.156845;592.5011;2557.477;1.0; -117.71112;282.17468;2557.51;0.5; -124.34802;-27.738754;2542.935;0.5; 280.79807;579.0045;2525.1096;1.0; 502.07895;407.86417;2443.9868;1.0; 678.18256;578.50244;2310.9358;1.0; 76.02072;350.0923;2568.25;1.0; -38.872658;118.131645;2604.0796;1.0; -26.440536;-353.44907;2655.938;1.0; -33.809025;-821.08246;2619.725;1.0; 179.31432;110.73187;2586.3335;1.0; 199.05193;-361.23035;2631.8792;1.0; 213.5093;-829.86096;2569.067;1.0; 
87.306335;809.79156;2489.4102;1.0; 82.99922;583.48834;2539.9382;1.0; -115.95964;590.8482;2556.1353;1.0; -116.403145;280.52164;2556.1616;0.5; -122.37864;-29.470356;2543.044;0.5; 281.9581;576.1284;2523.7412;1.0; 504.53983;446.43198;2437.4902;1.0; 616.2486;670.27;2311.3735;1.0; 76.683304;348.12195;2569.3054;1.0; -38.718945;116.790886;2607.5532;1.0; -25.265213;-355.26013;2654.554;1.0; -34.164143;-821.54895;2619.1787;1.0; 179.4537;108.72026;2589.792;1.0; 202.06305;-363.09235;2635.7305;1.0; 213.4832;-827.073;2570.9832;1.0; 
87.306335;809.79156;2489.4102;1.0; 82.99922;583.48834;2539.9382;1.0; -115.95964;590.8482;2556.1353;1.0; -116.403145;280.52164;2556.1616;0.5; -122.37864;-29.470356;2543.044;0.5; 281.9581;576.1284;2523.7412;1.0; 504.53983;446.43198;2437.4902;1.0; 616.2486;670.27;2311.3735;1.0; 76.683304;348.12195;2569.3054;1.0; -38.718945;116.790886;2607.5532;1.0; -25.265213;-355.26013;2654.554;1.0; -34.164143;-821.54895;2619.1787;1.0; 179.4537;108.72026;2589.792;1.0; 202.06305;-363.09235;2635.7305;1.0; 213.4832;-827.073;2570.9832;1.0; 
86.99839;807.3916;2488.3418;1.0; 83.52507;581.67535;2539.0066;1.0; -115.35882;589.5546;2555.8804;1.0; -115.71375;279.228;2555.9016;0.5; -121.093544;-30.827625;2544.0955;0.5; 282.40897;573.7961;2522.133;1.0; 491.27176;485.21695;2431.2441;1.0; 534.73676;739.2853;2317.5154;1.0; 76.77249;346.4201;2569.271;1.0; -39.026947;115.48502;2608.787;1.0; -22.007036;-356.81702;2651.856;1.0; -36.967796;-824.9098;2616.0884;1.0; 179.06677;106.84469;2590.2837;1.0; 202.18019;-364.74295;2638.3596;1.0; 212.2846;-833.40625;2561.7527;1.0; 
88.40528;807.1395;2487.3125;1.0; 84.9267;581.6413;2538.6548;1.0; -113.64586;590.5908;2558.223;1.0; -113.92999;280.26413;2558.2397;0.5; -118.773285;-29.843025;2547.6143;0.5; 283.49927;572.69183;2519.0867;1.0; 470.1408;512.112;2430.1252;1.0; 452.43777;781.02704;2332.516;1.0; 77.376434;346.48962;2569.5835;1.0; -39.060894;116.24537;2611.2422;1.0; -23.118443;-355.99005;2655.6765;1.0; -35.86618;-820.5422;2615.383;1.0; 178.71324;106.43047;2589.782;1.0; 204.60307;-365.02036;2637.816;1.0; 211.98083;-829.1791;2562.128;1.0; 
88.80234;806.501;2485.7913;1.0; 85.81193;581.06256;2538.1294;1.0; -112.7416;590.32025;2557.8645;1.0; -112.96909;279.9935;2557.878;0.5; -117.329216;-30.15542;2548.315;0.5; 284.36545;571.8049;2518.3943;1.0; 450.0711;527.05597;2429.5605;1.0; 384.53275;804.8992;2350.7148;1.0; 78.04338;346.0688;2570.2058;1.0; -38.585217;116.15069;2613.1023;1.0; -20.493458;-356.03912;2657.2976;1.0; -35.45598;-825.2477;2611.8206;1.0; 179.13489;105.999344;2591.4622;1.0; 203.8393;-365.79416;2636.6702;1.0; 212.59439;-823.8129;2569.987;1.0; 
90.62012;805.75433;2488.0327;1.0; 86.28699;580.41425;2538.318;1.0; -112.23997;590.2387;2558.0999;1.0; -112.42212;279.91193;2558.1106;0.5; -116.347115;-30.270824;2549.504;0.5; 284.81393;570.58984;2518.5366;1.0; 436.0359;536.5276;2424.7827;1.0; 336.33597;816.9989;2364.4387;1.0; 77.740326;345.30167;2569.312;1.0; -39.655247;115.57564;2611.1516;1.0; -22.619728;-356.84116;2653.3386;1.0; -36.02518;-822.652;2610.03;1.0; 178.04257;104.802505;2589.46;1.0; 200.61754;-367.1408;2634.267;1.0; 210.98177;-828.3869;2563.6528;1.0; 
90.62012;805.75433;2488.0327;1.0; 86.28699;580.41425;2538.318;1.0; -112.23997;590.2387;2558.0999;1.0; -112.42212;279.91193;2558.1106;0.5; -116.347115;-30.270824;2549.504;0.5; 284.81393;570.58984;2518.5366;1.0; 436.0359;536.5276;2424.7827;1.0; 336.33597;816.9989;2364.4387;1.0; 77.740326;345.30167;2569.312;1.0; -39.655247;115.57564;2611.1516;1.0; -22.619728;-356.84116;2653.3386;1.0; -36.02518;-822.652;2610.03;1.0; 178.04257;104.802505;2589.46;1.0; 200.61754;-367.1408;2634.267;1.0; 210.98177;-828.3869;2563.6528;1.0; 
93.13563;808.64984;2495.1528;1.0; 88.17065;582.1429;2540.0955;1.0; -110.50372;591.39557;2558.619;1.0; -110.649574;281.06876;2558.6277;0.5; -114.18274;-29.141426;2550.8818;0.5; 286.845;572.8902;2521.5718;1.0; 426.0299;540.773;2421.388;1.0; 319.96213;825.65015;2367.1921;1.0; 79.75758;346.60526;2567.5142;1.0; -37.588837;116.14087;2605.0894;1.0; -20.164198;-355.893;2651.1328;1.0; -33.41177;-824.473;2604.9263;1.0; 180.27788;105.994385;2584.7766;1.0; 204.83936;-366.07138;2627.1511;1.0; 213.77242;-821.90356;2566.144;1.0; 
93.13563;808.64984;2495.1528;1.0; 88.17065;582.1429;2540.0955;1.0; -110.50372;591.39557;2558.619;1.0; -110.649574;281.06876;2558.6277;0.5; -114.18274;-29.141426;2550.8818;0.5; 286.845;572.8902;2521.5718;1.0; 426.0299;540.773;2421.388;1.0; 319.96213;825.65015;2367.1921;1.0; 79.75758;346.60526;2567.5142;1.0; -37.588837;116.14087;2605.0894;1.0; -20.164198;-355.893;2651.1328;1.0; -33.41177;-824.473;2604.9263;1.0; 180.27788;105.994385;2584.7766;1.0; 204.83936;-366.07138;2627.1511;1.0; 213.77242;-821.90356;2566.144;1.0; 
91.357475;805.1254;2489.2112;1.0; 85.945274;579.6714;2538.3547;1.0; -112.67905;589.0693;2557.373;1.0; -112.79587;278.74243;2557.38;0.5; -115.97621;-31.48993;2550.4087;0.5; 284.5696;570.2735;2519.3364;1.0; 427.51804;534.8886;2417.6914;1.0; 332.55338;825.7022;2357.5608;1.0; 77.67065;344.4189;2568.186;1.0; -39.507233;114.31919;2608.4448;1.0; -24.411848;-357.2616;2659.4734;1.0; -36.171642;-822.3456;2616.8513;1.0; 178.29927;104.01369;2587.5898;1.0; 199.20982;-368.20654;2630.144;1.0; 210.78026;-828.02295;2571.2236;1.0; 
91.357475;805.1254;2489.2112;1.0; 85.945274;579.6714;2538.3547;1.0; -112.67905;589.0693;2557.373;1.0; -112.79587;278.74243;2557.38;0.5; -115.97621;-31.48993;2550.4087;0.5; 284.5696;570.2735;2519.3364;1.0; 427.51804;534.8886;2417.6914;1.0; 332.55338;825.7022;2357.5608;1.0; 77.67065;344.4189;2568.186;1.0; -39.507233;114.31919;2608.4448;1.0; -24.411848;-357.2616;2659.4734;1.0; -36.171642;-822.3456;2616.8513;1.0; 178.29927;104.01369;2587.5898;1.0; 199.20982;-368.20654;2630.144;1.0; 210.78026;-828.02295;2571.2236;1.0; 
90.419395;804.7311;2486.74;1.0; 85.07665;579.04205;2537.6467;1.0; -113.58112;588.4135;2556.3486;1.0; -113.67472;278.08667;2556.3542;0.5; -116.53746;-32.16365;2550.0803;0.5; 283.73444;569.6706;2518.9448;1.0; 436.25818;529.4435;2416.3447;1.0; 371.9316;819.3455;2332.5122;1.0; 76.878006;343.8921;2568.391;1.0; -40.242958;113.880424;2609.3896;1.0; -24.955181;-358.33374;2653.8613;1.0; -34.8631;-821.70184;2612.6946;1.0; 177.60167;103.60383;2588.8813;1.0; 201.53386;-368.48572;2631.3142;1.0; 211.67656;-826.42926;2568.4978;1.0; 
90.419395;804.7311;2486.74;1.0; 85.07665;579.04205;2537.6467;1.0; -113.58112;588.4135;2556.3486;1.0; -113.67472;278.08667;2556.3542;0.5; -116.53746;-32.16365;2550.0803;0.5; 283.73444;569.6706;2518.9448;1.0; 436.25818;529.4435;2416.3447;1.0; 371.9316;819.3455;2332.5122;1.0; 76.878006;343.8921;2568.391;1.0; -40.242958;113.880424;2609.3896;1.0; -24.955181;-358.33374;2653.8613;1.0; -34.8631;-821.70184;2612.6946;1.0; 177.60167;103.60383;2588.8813;1.0; 201.53386;-368.48572;2631.3142;1.0; 211.67656;-826.42926;2568.4978;1.0; 
89.296425;805.10297;2485.5056;1.0; 83.88291;579.1535;2537.2278;1.0; -114.867096;588.3992;2554.9773;1.0; -114.94212;278.07233;2554.9817;0.5; -117.5189;-32.19255;2549.3352;0.5; 282.6329;569.9079;2519.4783;1.0; 452.62866;521.7215;2411.1746;1.0; 425.56027;806.5385;2314.3887;1.0; 75.71271;344.0271;2568.2185;1.0; -41.43209;113.97006;2608.9414;1.0; -25.939728;-358.17688;2654.395;1.0; -34.751717;-816.5414;2613.4285;1.0; 176.5171;103.831276;2589.477;1.0; 199.17067;-368.644;2628.0676;1.0; 211.60323;-823.2823;2569.7012;1.0; 
85.94202;806.21765;2487.8896;1.0; 81.01896;580.5104;2537.95;1.0; -117.78788;589.8043;2555.033;1.0; -117.84805;279.47748;2555.0366;0.5; -120.16741;-30.799183;2549.9548;0.5; 279.8258;571.2164;2520.867;1.0; 473.81702;500.3626;2408.0894;1.0; 491.7482;775.13293;2293.8662;1.0; 72.568665;345.22284;2567.6157;1.0; -44.88649;115.03117;2606.6482;1.0; -26.08156;-356.12634;2659.849;1.0; -38.236263;-820.2541;2608.6445;1.0; 173.12323;104.839485;2587.915;1.0; 196.70213;-367.38892;2628.976;1.0; 209.45193;-827.7467;2564.9927;1.0; 
86.84662;804.98926;2486.5808;1.0; 80.3461;579.6946;2537.83;1.0; -118.469604;589.55334;2554.4912;1.0; -118.51785;279.22647;2554.4941;0.5; -120.6055;-31.059715;2549.9204;0.5; 279.1618;569.83575;2521.169;1.0; 489.912;470.6786;2407.5464;1.0; 561.0614;725.2422;2274.2861;1.0; 71.162674;344.42688;2567.4585;1.0; -47.030716;114.56474;2606.2222;1.0; -25.03241;-356.97147;2654.7522;1.0; -36.537136;-817.6251;2614.541;1.0; 170.98921;103.75368;2587.9517;1.0; 197.16061;-368.163;2630.9727;1.0; 211.28581;-826.4623;2568.3135;1.0; 
86.84662;804.98926;2486.5808;1.0; 80.3461;579.6946;2537.83;1.0; -118.469604;589.55334;2554.4912;1.0; -118.51785;279.22647;2554.4941;0.5; -120.6055;-31.059715;2549.9204;0.5; 279.1618;569.83575;2521.169;1.0; 489.912;470.6786;2407.5464;1.0; 561.0614;725.2422;2274.2861;1.0; 71.162674;344.42688;2567.4585;1.0; -47.030716;114.56474;2606.2222;1.0; -25.03241;-356.97147;2654.7522;1.0; -36.537136;-817.6251;2614.541;1.0; 170.98921;103.75368;2587.9517;1.0; 197.16061;-368.163;2630.9727;1.0; 211.28581;-826.4623;2568.3135;1.0; 
86.31365;812.3697;2494.425;1.0; 79.27511;585.70416;2540.154;1.0; -119.597824;595.95514;2555.8513;1.0; -119.6365;285.62823;2555.8535;0.5; -121.515594;-24.6657;2551.7373;0.5; 278.14804;575.4532;2524.4568;1.0; 496.96408;435.34537;2413.7744;1.0; 633.5116;653.06274;2275.6902;1.0; 69.21489;350.1094;2566.5518;1.0; -49.88756;120.135254;2601.5564;1.0; -28.379738;-351.73972;2647.2363;1.0; -36.556793;-813.0073;2612.8171;1.0; 168.1969;108.89402;2584.3428;1.0; 195.36916;-363.21933;2624.5046;1.0; 210.91429;-823.04913;2563.0312;1.0; 
86.31365;812.3697;2494.425;1.0; 79.27511;585.70416;2540.154;1.0; -119.597824;595.95514;2555.8513;1.0; -119.6365;285.62823;2555.8535;0.5; -121.515594;-24.6657;2551.7373;0.5; 278.14804;575.4532;2524.4568;1.0; 496.96408;435.34537;2413.7744;1.0; 633.5116;653.06274;2275.6902;1.0; 69.21489;350.1094;2566.5518;1.0; -49.88756;120.135254;2601.5564;1.0; -28.379738;-351.73972;2647.2363;1.0; -36.556793;-813.0073;2612.8171;1.0; 168.1969;108.89402;2584.3428;1.0; 195.36916;-363.21933;2624.5046;1.0; 210.91429;-823.04913;2563.0312;1.0; 
83.25405;816.26355;2505.8508;1.0; 77.77393;588.3938;2542.7231;1.0; -121.23064;597.45703;2557.396;1.0; -121.26162;287.13013;2557.3977;0.5; -122.95296;-23.17008;2553.693;0.5; 276.7785;579.3306;2528.0505;1.0; 472.49683;376.1839;2455.8767;1.0; 681.4315;434.97095;2347.1023;1.0; 68.576065;352.27853;2563.8196;1.0; -49.737747;121.13267;2592.9612;1.0; -26.197947;-350.17493;2643.24;1.0; -34.208843;-821.79456;2606.1462;1.0; 168.49414;111.19382;2576.8708;1.0; 197.88258;-360.83432;2616.5278;1.0; 213.64415;-822.7908;2563.851;1.0; 
81.400505;815.3419;2496.0615;1.0; 77.37272;587.624;2538.7822;1.0; -121.61268;596.47314;2553.8872;1.0; -121.63749;286.14624;2553.8887;0.5; -123.15982;-24.159035;2550.5547;0.5; 276.35812;578.77496;2523.677;1.0; 469.7526;333.59528;2478.94;1.0; 713.8229;290.71494;2410.9685;1.0; 68.767334;351.83557;2563.553;1.0; -48.939262;120.898926;2596.6057;1.0; -25.064945;-349.5481;2654.011;1.0; -33.897736;-820.13556;2618.02;1.0; 169.26317;111.19525;2580.0417;1.0; 196.97011;-360.18442;2627.241;1.0; 215.42892;-830.53723;2570.3228;1.0; 
80.74541;815.9689;2497.6685;1.0; 75.812004;588.0763;2539.1177;1.0; -123.052765;597.44763;2555.423;1.0; -123.0726;287.12073;2555.4243;0.5; -124.44286;-23.188635;2552.4236;0.5; 274.6768;578.7049;2522.8125;1.0; 463.8746;304.29593;2489.972;1.0; 726.6613;214.49518;2439.9465;1.0; 66.679565;352.214;2563.296;1.0; -51.490955;121.49005;2596.4143;1.0; -28.48766;-349.69653;2647.7983;1.0; -37.400772;-819.86163;2614.995;1.0; 166.5852;111.21337;2578.534;1.0; 193.08777;-360.38202;2624.5847;1.0; 210.64517;-828.7491;2566.069;1.0; 
80.02362;812.762;2491.4702;1.0; 75.117645;585.4445;2536.539;1.0; -123.738045;594.84937;2552.9756;1.0; -123.75391;284.52246;2552.9766;0.5; -124.98727;-25.790249;2550.2761;0.5; 273.97333;576.0396;2520.1025;1.0; 466.4381;289.64856;2495.9854;1.0; 744.39014;186.46516;2457.0737;1.0; 66.17987;349.84048;2563.2178;1.0; -51.78814;119.39306;2598.9084;1.0; -24.98451;-351.1511;2654.256;1.0; -36.222076;-826.82245;2615.5857;1.0; 166.27232;109.07988;2580.8845;1.0; 195.4598;-362.47653;2625.8044;1.0; 211.85234;-827.0185;2571.1372;1.0; 
82.69573;814.73175;2496.3672;1.0; 75.53441;586.8497;2537.8438;1.0; -123.37627;597.0897;2553.0183;1.0; -123.38894;286.76282;2553.019;0.5; -124.49906;-23.552593;2550.5886;0.5; 274.44507;576.6097;2522.669;1.0; 473.72644;289.8297;2496.993;1.0; 763.8068;192.78857;2459.3394;1.0; 65.25844;351.05463;2562.2627;1.0; -54.081924;120.874245;2595.0022;1.0; -30.64534;-350.18564;2647.5532;1.0; -37.75473;-820.3819;2608.1401;1.0; 164.04686;109.64487;2578.3613;1.0; 192.96028;-361.89215;2623.8037;1.0; 210.85402;-828.87683;2566.371;1.0; 
82.69573;814.73175;2496.3672;1.0; 75.53441;586.8497;2537.8438;1.0; -123.37627;597.0897;2553.0183;1.0; -123.38894;286.76282;2553.019;0.5; -124.49906;-23.552593;2550.5886;0.5; 274.44507;576.6097;2522.669;1.0; 473.72644;289.8297;2496.993;1.0; 763.8068;192.78857;2459.3394;1.0; 65.25844;351.05463;2562.2627;1.0; -54.081924;120.874245;2595.0022;1.0; -30.64534;-350.18564;2647.5532;1.0; -37.75473;-820.3819;2608.1401;1.0; 164.04686;109.64487;2578.3613;1.0; 192.96028;-361.89215;2623.8037;1.0; 210.85402;-828.87683;2566.371;1.0; 
82.40014;818.6096;2498.8193;1.0; 75.41095;589.1322;2539.2505;1.0; -123.64401;599.1198;2552.5042;1.0; -123.654175;288.7929;2552.5046;0.5; -124.65339;-21.524687;2550.3171;0.5; 274.4659;579.14465;2525.997;1.0; 478.37088;296.92078;2495.4956;1.0; 776.52594;226.34528;2444.4287;1.0; 65.096825;353.1765;2562.1543;1.0; -54.361736;122.69713;2592.325;1.0; -28.223404;-348.35687;2643.8188;1.0; -35.02049;-820.61115;2608.3474;1.0; 163.92714;111.744484;2577.791;1.0; 195.38327;-359.83694;2620.976;1.0; 212.41678;-824.61725;2569.8826;1.0; 
82.40014;818.6096;2498.8193;1.0; 75.41095;589.1322;2539.2505;1.0; -123.64401;599.1198;2552.5042;1.0; -123.654175;288.7929;2552.5046;0.5; -124.65339;-21.524687;2550.3171;0.5; 274.4659;579.14465;2525.997;1.0; 478.37088;296.92078;2495.4956;1.0; 776.52594;226.34528;2444.4287;1.0; 65.096825;353.1765;2562.1543;1.0; -54.361736;122.69713;2592.325;1.0; -28.223404;-348.35687;2643.8188;1.0; -35.02049;-820.61115;2608.3474;1.0; 163.92714;111.744484;2577.791;1.0; 195.38327;-359.83694;2620.976;1.0; 212.41678;-824.61725;2569.8826;1.0; 
84.14217;816.28674;2491.5461;1.0; 76.988106;587.725;2536.9836;1.0; -122.21821;597.599;2547.635;1.0; -122.226326;287.2721;2547.6355;0.5; -123.125694;-23.047276;2545.6667;0.5; 276.19443;577.85095;2526.3325;1.0; 486.1655;310.4451;2489.7488;1.0; 785.6551;284.2629;2422.938;1.0; 66.68907;352.07953;2562.815;1.0; -52.83997;121.84827;2594.4866;1.0; -26.310379;-349.39062;2644.1958;1.0; -31.858158;-820.5689;2615.1748;1.0; 165.62004;111.01992;2582.806;1.0; 197.22319;-360.40793;2627.6067;1.0; 212.95592;-824.5795;2576.741;1.0; 
86.235275;814.42834;2487.9082;1.0; 78.23277;587.262;2535.6655;1.0; -121.08176;597.1478;2543.9973;1.0; -121.08826;286.82092;2543.9978;0.5; -121.89775;-23.49989;2542.226;0.5; 277.5473;577.37616;2527.3335;1.0; 492.0727;328.71472;2479.3728;1.0; 779.8257;363.3769;2397.265;1.0; 67.703384;351.80597;2563.152;1.0; -52.110527;121.770355;2595.2073;1.0; -25.171553;-349.9074;2640.1855;1.0; -33.445076;-819.9297;2615.727;1.0; 166.45853;110.929535;2586.0703;1.0; 196.03613;-360.87036;2628.1963;1.0; 212.9929;-829.5277;2568.6274;1.0; 
88.45468;809.21356;2486.087;1.0; 78.908806;583.0331;2534.953;1.0; -120.4477;593.40576;2541.6616;1.0; -120.45289;283.07886;2541.6619;0.5; -121.181465;-27.24312;2540.0674;0.5; 278.26532;572.66034;2528.244;1.0; 500.03384;352.85486;2468.1829;1.0; 762.55457;446.57156;2370.2898;1.0; 67.610466;347.68268;2563.099;1.0; -52.991497;118.01948;2594.9238;1.0; -25.971113;-353.78766;2638.646;1.0; -35.456425;-825.17267;2616.7212;1.0; 165.61575;106.64513;2587.5671;1.0; 193.44669;-365.69858;2624.1135;1.0; 211.24191;-830.0076;2570.1794;1.0; 
88.45468;809.21356;2486.087;1.0; 78.908806;583.0331;2534.953;1.0; -120.4477;593.40576;2541.6616;1.0; -120.45289;283.07886;2541.6619;0.5; -121.181465;-27.24312;2540.0674;0.5; 278.26532;572.66034;2528.244;1.0; 500.03384;352.85486;2468.1829;1.0; 762.55457;446.57156;2370.2898;1.0; 67.610466;347.68268;2563.099;1.0; -52.991497;118.01948;2594.9238;1.0; -25.971113;-353.78766;2638.646;1.0; -35.456425;-825.17267;2616.7212;1.0; 165.61575;106.64513;2587.5671;1.0; 193.44669;-365.69858;2624.1135;1.0; 211.24191;-830.0076;2570.1794;1.0; 
88.46298;810.73395;2485.1792;1.0; 78.994514;583.7779;2535.1436;1.0; -120.36884;594.5576;2541.2327;1.0; -120.372986;284.2307;2541.233;0.5; -121.02878;-26.09219;2539.7979;0.5; 278.35788;572.9981;2529.0544;1.0; 504.01593;384.42715;2460.5903;1.0; 722.5763;538.1452;2347.5486;1.0; 67.145355;348.50018;2563.7107;1.0; -54.00949;119.132744;2595.6165;1.0; -27.768372;-352.4702;2641.9563;1.0; -34.7998;-817.0963;2618.198;1.0; 164.60188;107.31223;2588.9392;1.0; 194.44254;-364.62552;2629.0369;1.0; 211.52736;-830.6953;2563.216;1.0; 
88.46298;810.73395;2485.1792;1.0; 78.994514;583.7779;2535.1436;1.0; -120.36884;594.5576;2541.2327;1.0; -120.372986;284.2307;2541.233;0.5; -121.02878;-26.09219;2539.7979;0.5; 278.35788;572.9981;2529.0544;1.0; 504.01593;384.42715;2460.5903;1.0; 722.5763;538.1452;2347.5486;1.0; 67.145355;348.50018;2563.7107;1.0; -54.00949;119.132744;2595.6165;1.0; -27.768372;-352.4702;2641.9563;1.0; -34.7998;-817.0963;2618.198;1.0; 164.60188;107.31223;2588.9392;1.0; 194.44254;-364.62552;2629.0369;1.0; 211.52736;-830.6953;2563.216;1.0; 
88.38942;809.47217;2485.2217;1.0; 78.8166;582.8289;2535.3896;1.0; -120.55735;593.6194;2541.293;1.0; -120.56065;283.29248;2541.2932;0.5; -121.15095;-27.031181;2540.0017;0.5; 278.19055;572.03845;2529.486;1.0; 501.0082;420.21277;2452.2932;1.0; 662.5811;628.6576;2339.6106;1.0; 66.94081;347.59003;2564.2905;1.0; -54.248104;118.26736;2596.4282;1.0; -27.827906;-353.2652;2643.4617;1.0; -34.62536;-822.97015;2614.5654;1.0; 164.37816;106.43494;2589.9548;1.0; 194.51103;-365.5337;2629.706;1.0; 212.04462;-828.5585;2565.9377;1.0; 
88.38942;809.47217;2485.2217;1.0; 78.8166;582.8289;2535.3896;1.0; -120.55735;593.6194;2541.293;1.0; -120.56065;283.29248;2541.2932;0.5; -121.15095;-27.031181;2540.0017;0.5; 278.19055;572.03845;2529.486;1.0; 501.0082;420.21277;2452.2932;1.0; 662.5811;628.6576;2339.6106;1.0; 66.94081;347.59003;2564.2905;1.0; -54.248104;118.26736;2596.4282;1.0; -27.827906;-353.2652;2643.4617;1.0; -34.62536;-822.97015;2614.5654;1.0; 164.37816;106.43494;2589.9548;1.0; 194.51103;-365.5337;2629.706;1.0; 212.04462;-828.5585;2565.9377;1.0; 
88.50955;806.15466;2486.2473;1.0; 79.238884;580.8906;2535.586;1.0; -120.11244;591.98535;2541.7651;1.0; -120.11507;281.65845;2541.7654;0.5; -120.64638;-28.665861;2540.603;0.5; 278.5902;569.79584;2529.4065;1.0; 501.5043;460.106;2445.1467;1.0; 588.0893;706.2348;2341.1296;1.0; 67.037384;345.64697;2564.3257;1.0; -54.46655;116.4865;2596.4536;1.0; -28.06189;-354.9811;2644.1829;1.0; -33.91132;-821.3326;2613.9048;1.0; 164.13832;104.32019;2589.6775;1.0; 196.25748;-367.43134;2630.4934;1.0; 212.89351;-832.95483;2563.1887;1.0; 
88.50955;806.15466;2486.2473;1.0; 79.238884;580.8906;2535.586;1.0; -120.11244;591.98535;2541.7651;1.0; -120.11507;281.65845;2541.7654;0.5; -120.64638;-28.665861;2540.603;0.5; 278.5902;569.79584;2529.4065;1.0; 501.5043;460.106;2445.1467;1.0; 588.0893;706.2348;2341.1296;1.0; 67.037384;345.64697;2564.3257;1.0; -54.46655;116.4865;2596.4536;1.0; -28.06189;-354.9811;2644.1829;1.0; -33.91132;-821.3326;2613.9048;1.0; 164.13832;104.32019;2589.6775;1.0; 196.25748;-367.43134;2630.4934;1.0; 212.89351;-832.95483;2563.1887;1.0; 
88.65119;803.7942;2484.7634;1.0; 79.062775;579.33167;2534.8196;1.0; -120.124435;591.2745;2543.6047;1.0; -120.12654;280.94757;2543.605;0.5; -120.604706;-29.377237;2542.5588;0.5; 278.25;567.3889;2526.0344;1.0; 481.7556;494.05585;2441.0764;1.0; 511.25644;762.0967;2350.707;1.0; 66.25235;344.17978;2564.0396;1.0; -55.78128;115.576645;2598.0767;1.0; -27.596807;-355.7661;2646.0125;1.0; -35.16158;-823.6854;2612.5625;1.0; 162.66513;102.47911;2588.4421;1.0; 195.7224;-369.23877;2628.976;1.0; 211.0934;-829.26135;2564.497;1.0; 
88.65119;803.7942;2484.7634;1.0; 79.062775;579.33167;2534.8196;1.0; -120.124435;591.2745;2543.6047;1.0; -120.12654;280.94757;2543.605;0.5; -120.604706;-29.377237;2542.5588;0.5; 278.25;567.3889;2526.0344;1.0; 481.7556;494.05585;2441.0764;1.0; 511.25644;762.0967;2350.707;1.0; 66.25235;344.17978;2564.0396;1.0; -55.78128;115.576645;2598.0767;1.0; -27.596807;-355.7661;2646.0125;1.0; -35.16158;-823.6854;2612.5625;1.0; 162.66513;102.47911;2588.4421;1.0; 195.7224;-369.23877;2628.976;1.0; 211.0934;-829.26135;2564.497;1.0; 
90.34738;804.4852;2485.5256;1.0; 80.05645;579.42566;2534.7769;1.0; -118.807434;592.4943;2547.5913;1.0; -118.80912;282.16742;2547.5913;0.5; -119.23943;-28.157814;2546.6497;0.5; 278.92035;566.357;2521.9622;1.0; 465.87875;518.02905;2439.5461;1.0; 430.88998;792.9221;2364.0698;1.0; 66.49385;344.3248;2564.0674;1.0; -56.123726;116.39068;2600.3855;1.0; -27.371965;-354.83524;2649.1462;1.0; -34.279335;-819.57495;2615.7751;1.0; 161.98622;102.05722;2586.3306;1.0; 196.96155;-369.70462;2624.626;1.0; 211.11122;-823.13153;2565.7493;1.0; 
90.34738;804.4852;2485.5256;1.0; 80.05645;579.42566;2534.7769;1.0; -118.807434;592.4943;2547.5913;1.0; -118.80912;282.16742;2547.5913;0.5; -119.23943;-28.157814;2546.6497;0.5; 278.92035;566.357;2521.9622;1.0; 465.87875;518.02905;2439.5461;1.0; 430.88998;792.9221;2364.0698;1.0; 66.49385;344.3248;2564.0674;1.0; -56.123726;116.39068;2600.3855;1.0; -27.371965;-354.83524;2649.1462;1.0; -34.279335;-819.57495;2615.7751;1.0; 161.98622;102.05722;2586.3306;1.0; 196.96155;-369.70462;2624.626;1.0; 211.11122;-823.13153;2565.7493;1.0; 
90.26374;809.8654;2492.9207;1.0; 77.934944;583.6339;2537.7466;1.0; -120.48594;598.8318;2554.2546;1.0; -120.48731;288.50488;2554.2546;0.5; -120.874535;-21.820683;2553.4072;0.5; 276.35583;568.4361;2521.2388;1.0; 444.9119;534.496;2435.8088;1.0; 370.07794;814.1955;2377.3628;1.0; 62.122314;348.37164;2564.275;1.0; -62.494183;121.44307;2599.8552;1.0; -33.105114;-350.3193;2642.222;1.0; -40.853565;-817.64215;2612.696;1.0; 155.11356;104.77562;2581.751;1.0; 190.04022;-366.4452;2625.9287;1.0; 204.53531;-825.63806;2557.3423;1.0; 
90.26374;809.8654;2492.9207;1.0; 77.934944;583.6339;2537.7466;1.0; -120.48594;598.8318;2554.2546;1.0; -120.48731;288.50488;2554.2546;0.5; -120.874535;-21.820683;2553.4072;0.5; 276.35583;568.4361;2521.2388;1.0; 444.9119;534.496;2435.8088;1.0; 370.07794;814.1955;2377.3628;1.0; 62.122314;348.37164;2564.275;1.0; -62.494183;121.44307;2599.8552;1.0; -33.105114;-350.3193;2642.222;1.0; -40.853565;-817.64215;2612.696;1.0; 155.11356;104.77562;2581.751;1.0; 190.04022;-366.4452;2625.9287;1.0; 204.53531;-825.63806;2557.3423;1.0; 
88.379776;811.1588;2497.1013;1.0; 75.29835;584.78345;2538.5361;1.0; -122.939125;600.99194;2556.5579;1.0; -122.94023;290.66504;2556.5579;0.5; -123.28868;-19.660805;2555.7952;0.5; 273.53583;568.57495;2520.5144;1.0; 430.44733;539.24207;2432.4138;1.0; 349.5728;827.3727;2383.5623;1.0; 58.27206;349.37747;2562.9697;1.0; -67.43193;122.85733;2597.2832;1.0; -30.585358;-348.00018;2643.1829;1.0; -38.653133;-818.42456;2612.5117;1.0; 149.92348;105.085686;2577.5234;1.0; 192.69427;-364.8906;2626.9553;1.0; 206.54149;-826.8851;2558.2183;1.0; 
86.75409;810.72406;2499.6875;1.0; 72.74093;584.4587;2539.3938;1.0; -125.50231;601.0708;2557.227;1.0; -125.50321;290.7439;2557.227;0.5; -125.81678;-19.582132;2556.5408;0.5; 270.98416;567.8466;2521.5605;1.0; 436.72476;537.1211;2428.7092;1.0; 366.83917;831.9351;2376.2773;1.0; 55.109207;348.97754;2562.747;1.0; -71.20676;122.60374;2595.8772;1.0; -28.962204;-347.30045;2646.563;1.0; -37.603443;-823.6718;2611.6265;1.0; 146.16173;104.38903;2576.3235;1.0; 195.26509;-364.81512;2627.3083;1.0; 208.59206;-824.79736;2564.5225;1.0; 
86.75409;810.72406;2499.6875;1.0; 72.74093;584.4587;2539.3938;1.0; -125.50231;601.0708;2557.227;1.0; -125.50321;290.7439;2557.227;0.5; -125.81678;-19.582132;2556.5408;0.5; 270.98416;567.8466;2521.5605;1.0; 436.72476;537.1211;2428.7092;1.0; 366.83917;831.9351;2376.2773;1.0; 55.109207;348.97754;2562.747;1.0; -71.20676;122.60374;2595.8772;1.0; -28.962204;-347.30045;2646.563;1.0; -37.603443;-823.6718;2611.6265;1.0; 146.16173;104.38903;2576.3235;1.0; 195.26509;-364.81512;2627.3083;1.0; 208.59206;-824.79736;2564.5225;1.0; 
87.7321;813.3086;2500.478;1.0; 72.740036;586.5623;2539.9187;1.0; -125.624466;603.3904;2556.191;1.0; -125.625206;293.06348;2556.191;0.5; -125.907425;-17.262737;2555.5732;0.5; 271.10455;569.73425;2523.6465;1.0; 448.86536;530.0626;2427.3533;1.0; 399.20694;826.4978;2367.816;1.0; 54.618042;351.04303;2562.5698;1.0; -72.26382;124.7503;2594.1426;1.0; -25.065304;-345.064;2641.2866;1.0; -34.468124;-818.06305;2613.7798;1.0; 145.2559;106.29719;2576.299;1.0; 196.69858;-362.47226;2629.323;1.0; 211.76584;-828.1418;2563.3372;1.0; 
87.7321;813.3086;2500.478;1.0; 72.740036;586.5623;2539.9187;1.0; -125.624466;603.3904;2556.191;1.0; -125.625206;293.06348;2556.191;0.5; -125.907425;-17.262737;2555.5732;0.5; 271.10455;569.73425;2523.6465;1.0; 448.86536;530.0626;2427.3533;1.0; 399.20694;826.4978;2367.816;1.0; 54.618042;351.04303;2562.5698;1.0; -72.26382;124.7503;2594.1426;1.0; -25.065304;-345.064;2641.2866;1.0; -34.468124;-818.06305;2613.7798;1.0; 145.2559;106.29719;2576.299;1.0; 196.69858;-362.47226;2629.323;1.0; 211.76584;-828.1418;2563.3372;1.0; 
86.372734;812.1934;2492.3762;1.0; 71.8926;586.14404;2537.4487;1.0; -126.628265;602.82733;2551.8572;1.0; -126.62885;292.50043;2551.8572;0.5; -126.8828;-17.825933;2551.3013;0.5; 270.41348;569.46075;2523.0403;1.0; 471.41614;519.5195;2429.6787;1.0; 458.0046;813.4024;2356.3757;1.0; 54.01259;350.96616;2563.4048;1.0; -72.71584;124.93567;2597.2607;1.0; -25.4608;-344.49167;2648.3313;1.0; -34.163612;-823.92017;2617.377;1.0; 144.98099;106.640884;2581.4607;1.0; 197.47862;-361.95682;2635.2268;1.0; 211.56139;-827.1798;2569.8442;1.0; 
86.372734;812.1934;2492.3762;1.0; 71.8926;586.14404;2537.4487;1.0; -126.628265;602.82733;2551.8572;1.0; -126.62885;292.50043;2551.8572;0.5; -126.8828;-17.825933;2551.3013;0.5; 270.41348;569.46075;2523.0403;1.0; 471.41614;519.5195;2429.6787;1.0; 458.0046;813.4024;2356.3757;1.0; 54.01259;350.96616;2563.4048;1.0; -72.71584;124.93567;2597.2607;1.0; -25.4608;-344.49167;2648.3313;1.0; -34.163612;-823.92017;2617.377;1.0; 144.98099;106.640884;2581.4607;1.0; 197.47862;-361.95682;2635.2268;1.0; 211.56139;-827.1798;2569.8442;1.0; 
84.55224;813.1077;2496.822;1.0; 70.03111;586.7553;2538.7375;1.0; -128.56708;603.7251;2551.7253;1.0; -128.56757;293.3982;2551.7253;0.5; -128.7961;-16.92826;2551.2249;0.5; 268.6293;569.7855;2525.7498;1.0; 488.71555;490.26508;2430.3384;1.0; 527.72015;773.5718;2343.0454;1.0; 51.48886;351.41266;2562.7031;1.0; -75.942276;125.37435;2593.7898;1.0; -27.647623;-344.44556;2640.1104;1.0; -36.567513;-819.108;2614.657;1.0; 141.8355;106.76571;2579.5476;1.0; 194.2938;-362.51022;2626.7852;1.0; 209.28903;-832.1456;2558.4277;1.0; 
84.55224;813.1077;2496.822;1.0; 70.03111;586.7553;2538.7375;1.0; -128.56708;603.7251;2551.7253;1.0; -128.56757;293.3982;2551.7253;0.5; -128.7961;-16.92826;2551.2249;0.5; 268.6293;569.7855;2525.7498;1.0; 488.71555;490.26508;2430.3384;1.0; 527.72015;773.5718;2343.0454;1.0; 51.48886;351.41266;2562.7031;1.0; -75.942276;125.37435;2593.7898;1.0; -27.647623;-344.44556;2640.1104;1.0; -36.567513;-819.108;2614.657;1.0; 141.8355;106.76571;2579.5476;1.0; 194.2938;-362.51022;2626.7852;1.0; 209.28903;-832.1456;2558.4277;1.0; 
82.41173;811.9212;2491.0466;1.0; 68.486404;586.0683;2536.9065;1.0; -130.28708;602.7958;2546.9768;1.0; -130.28746;292.46887;2546.9768;0.5; -130.49318;-17.857637;2546.5264;0.5; 267.2599;569.3409;2526.8362;1.0; 498.83905;461.11917;2432.171;1.0; 609.8005;714.14496;2337.6765;1.0; 50.037506;350.9741;2563.2588;1.0; -77.40625;125.052155;2595.133;1.0; -27.555782;-344.11612;2646.1836;1.0; -35.6398;-820.5982;2619.409;1.0; 140.58347;106.707596;2584.089;1.0; 196.17926;-361.8518;2634.797;1.0; 210.95671;-830.18896;2566.715;1.0; 
82.41173;811.9212;2491.0466;1.0; 68.486404;586.0683;2536.9065;1.0; -130.28708;602.7958;2546.9768;1.0; -130.28746;292.46887;2546.9768;0.5; -130.49318;-17.857637;2546.5264;0.5; 267.2599;569.3409;2526.8362;1.0; 498.83905;461.11917;2432.171;1.0; 609.8005;714.14496;2337.6765;1.0; 50.037506;350.9741;2563.2588;1.0; -77.40625;125.052155;2595.133;1.0; -27.555782;-344.11612;2646.1836;1.0; -35.6398;-820.5982;2619.409;1.0; 140.58347;106.707596;2584.089;1.0; 196.17926;-361.8518;2634.797;1.0; 210.95671;-830.18896;2566.715;1.0; 
81.0135;811.551;2496.159;1.0; 67.54819;585.13025;2537.6887;1.0; -131.32544;601.56195;2546.351;1.0; -131.32576;291.23505;2546.351;0.5; -131.51096;-19.091537;2545.9458;0.5; 266.4218;568.69855;2529.0264;1.0; 502.42957;425.0666;2442.5835;1.0; 681.36194;623.9005;2339.814;1.0; 49.13446;349.75708;2561.421;1.0; -78.31616;123.392944;2589.9026;1.0; -26.467031;-345.7489;2639.3713;1.0; -36.488503;-824.78973;2610.3018;1.0; 139.75761;105.37487;2580.4038;1.0; 195.36124;-363.65207;2626.6401;1.0; 211.30434;-827.9084;2561.9014;1.0; 
81.0135;811.551;2496.159;1.0; 67.54819;585.13025;2537.6887;1.0; -131.32544;601.56195;2546.351;1.0; -131.32576;291.23505;2546.351;0.5; -131.51096;-19.091537;2545.9458;0.5; 266.4218;568.69855;2529.0264;1.0; 502.42957;425.0666;2442.5835;1.0; 681.36194;623.9005;2339.814;1.0; 49.13446;349.75708;2561.421;1.0; -78.31616;123.392944;2589.9026;1.0; -26.467031;-345.7489;2639.3713;1.0; -36.488503;-824.78973;2610.3018;1.0; 139.75761;105.37487;2580.4038;1.0; 195.36124;-363.65207;2626.6401;1.0; 211.30434;-827.9084;2561.9014;1.0; 
81.453514;813.44293;2490.2148;1.0; 67.66452;586.66223;2535.8953;1.0; -131.24236;603.1403;2543.8777;1.0; -131.24263;292.81342;2543.8777;0.5; -131.4094;-17.513205;2543.513;0.5; 266.57138;570.1842;2527.9126;1.0; 504.20984;393.5296;2453.7908;1.0; 740.286;526.15894;2359.8413;1.0; 49.252636;351.58487;2562.374;1.0; -78.21464;125.54197;2593.2295;1.0; -25.828632;-343.23093;2645.617;1.0; -34.688614;-817.9205;2621.0935;1.0; 139.89613;107.473015;2584.476;1.0; 194.15164;-361.41193;2633.78;1.0; 213.18558;-830.1839;2566.365;1.0; 
81.453514;813.44293;2490.2148;1.0; 67.66452;586.66223;2535.8953;1.0; -131.24236;603.1403;2543.8777;1.0; -131.24263;292.81342;2543.8777;0.5; -131.4094;-17.513205;2543.513;0.5; 266.57138;570.1842;2527.9126;1.0; 504.20984;393.5296;2453.7908;1.0; 740.286;526.15894;2359.8413;1.0; 49.252636;351.58487;2562.374;1.0; -78.21464;125.54197;2593.2295;1.0; -25.828632;-343.23093;2645.617;1.0; -34.688614;-817.9205;2621.0935;1.0; 139.89613;107.473015;2584.476;1.0; 194.15164;-361.41193;2633.78;1.0; 213.18558;-830.1839;2566.365;1.0; 
80.914894;812.3479;2487.2446;1.0; 66.478065;585.474;2534.2253;1.0; -132.31612;602.45355;2543.7761;1.0; -132.31633;292.12665;2543.7761;0.5; -132.46654;-18.199991;2543.4478;0.5; 265.27225;568.49445;2524.6748;1.0; 506.60785;364.76663;2467.8955;1.0; 777.0943;430.81604;2383.0205;1.0; 47.711033;350.4865;2561.3657;1.0; -80.05504;124.80895;2593.7427;1.0; -30.424225;-344.38278;2645.0889;1.0; -36.72846;-821.26605;2617.897;1.0; 137.94304;106.18915;2583.2693;1.0; 190.38924;-363.67078;2623.8293;1.0; 211.07268;-829.9271;2565.4402;1.0; 
80.914894;812.3479;2487.2446;1.0; 66.478065;585.474;2534.2253;1.0; -132.31612;602.45355;2543.7761;1.0; -132.31633;292.12665;2543.7761;0.5; -132.46654;-18.199991;2543.4478;0.5; 265.27225;568.49445;2524.6748;1.0; 506.60785;364.76663;2467.8955;1.0; 777.0943;430.81604;2383.0205;1.0; 47.711033;350.4865;2561.3657;1.0; -80.05504;124.80895;2593.7427;1.0; -30.424225;-344.38278;2645.0889;1.0; -36.72846;-821.26605;2617.897;1.0; 137.94304;106.18915;2583.2693;1.0; 190.38924;-363.67078;2623.8293;1.0; 211.07268;-829.9271;2565.4402;1.0; 
80.232025;813.5098;2485.7588;1.0; 66.383484;586.29846;2533.681;1.0; -132.48013;603.01996;2542.2695;1.0; -132.4803;292.69305;2542.2695;0.5; -132.61562;-17.633621;2541.974;0.5; 265.2471;569.577;2525.0925;1.0; 509.30228;341.88226;2477.449;1.0; 796.12604;343.47076;2408.485;1.0; 47.82747;351.3595;2561.4404;1.0; -79.76293;125.588684;2593.909;1.0; -29.372208;-343.57477;2644.8684;1.0; -35.657898;-820.9874;2613.858;1.0; 138.30585;107.25235;2584.491;1.0; 192.50313;-362.6719;2622.395;1.0; 212.87599;-823.2575;2572.0432;1.0; 
80.232025;813.5098;2485.7588;1.0; 66.383484;586.29846;2533.681;1.0; -132.48013;603.01996;2542.2695;1.0; -132.4803;292.69305;2542.2695;0.5; -132.61562;-17.633621;2541.974;0.5; 265.2471;569.577;2525.0925;1.0; 509.30228;341.88226;2477.449;1.0; 796.12604;343.47076;2408.485;1.0; 47.82747;351.3595;2561.4404;1.0; -79.76293;125.588684;2593.909;1.0; -29.372208;-343.57477;2644.8684;1.0; -35.657898;-820.9874;2613.858;1.0; 138.30585;107.25235;2584.491;1.0; 192.50313;-362.6719;2622.395;1.0; 212.87599;-823.2575;2572.0432;1.0; 
81.60981;813.89325;2487.0159;1.0; 67.89589;586.5162;2533.2935;1.0; -131.00572;602.84766;2541.844;1.0; -131.00584;292.52075;2541.844;0.5; -131.12778;-17.805943;2541.5781;0.5; 266.7975;570.1847;2524.743;1.0; 505.65115;323.44153;2486.7244;1.0; 794.79315;268.59937;2430.942;1.0; 49.729427;351.39926;2559.7803;1.0; -77.49209;125.236694;2590.9553;1.0; -28.894571;-344.20126;2641.1406;1.0; -32.70015;-818.2352;2612.3916;1.0; 140.61801;107.328026;2581.579;1.0; 197.90366;-362.068;2621.6257;1.0; 215.06802;-830.08514;2565.9995;1.0; 
81.60981;813.89325;2487.0159;1.0; 67.89589;586.5162;2533.2935;1.0; -131.00572;602.84766;2541.844;1.0; -131.00584;292.52075;2541.844;0.5; -131.12778;-17.805943;2541.5781;0.5; 266.7975;570.1847;2524.743;1.0; 505.65115;323.44153;2486.7244;1.0; 794.79315;268.59937;2430.942;1.0; 49.729427;351.39926;2559.7803;1.0; -77.49209;125.236694;2590.9553;1.0; -28.894571;-344.20126;2641.1406;1.0; -32.70015;-818.2352;2612.3916;1.0; 140.61801;107.328026;2581.579;1.0; 197.90366;-362.068;2621.6257;1.0; 215.06802;-830.08514;2565.9995;1.0; 
83.18489;812.85693;2486.6416;1.0; 69.48083;586.07434;2532.4033;1.0; -129.45596;602.1427;2540.6755;1.0; -129.45609;291.8158;2540.6755;0.5; -129.56601;-18.510935;2540.4363;0.5; 268.41763;570.006;2524.131;1.0; 495.824;308.22144;2494.3613;1.0; 784.7252;218.3014;2450.5334;1.0; 51.617092;350.99307;2559.436;1.0; -75.322044;124.72195;2591.0044;1.0; -28.876116;-344.75098;2642.8474;1.0; -32.814342;-820.95667;2615.2217;1.0; 142.82875;107.10164;2581.933;1.0; 196.22662;-362.89096;2620.3716;1.0; 215.58746;-826.8066;2571.8083;1.0; 
83.18489;812.85693;2486.6416;1.0; 69.48083;586.07434;2532.4033;1.0; -129.45596;602.1427;2540.6755;1.0; -129.45609;291.8158;2540.6755;0.5; -129.56601;-18.510935;2540.4363;0.5; 268.41763;570.006;2524.131;1.0; 495.824;308.22144;2494.3613;1.0; 784.7252;218.3014;2450.5334;1.0; 51.617092;350.99307;2559.436;1.0; -75.322044;124.72195;2591.0044;1.0; -28.876116;-344.75098;2642.8474;1.0; -32.814342;-820.95667;2615.2217;1.0; 142.82875;107.10164;2581.933;1.0; 196.22662;-362.89096;2620.3716;1.0; 215.58746;-826.8066;2571.8083;1.0; 
84.38159;813.4036;2485.9575;1.0; 70.83159;586.40125;2531.6438;1.0; -128.16638;602.234;2538.769;1.0; -128.1665;291.9071;2538.769;0.5; -128.26555;-18.419664;2538.5537;0.5; 269.82956;570.5685;2524.5183;1.0; 490.41196;299.6112;2497.6829;1.0; 780.9898;193.89684;2466.3503;1.0; 53.094154;351.3059;2558.6597;1.0; -73.75444;124.89174;2589.5825;1.0; -29.4991;-345.13885;2638.0823;1.0; -33.42289;-817.5515;2613.6655;1.0; 144.46788;107.52944;2581.7688;1.0; 196.4363;-362.70706;2619.3992;1.0; 215.32932;-831.86163;2565.5657;1.0; 
85.691574;814.094;2485.1143;1.0; 71.740425;587.02997;2531.1873;1.0; -127.2785;602.76044;2538.0078;1.0; -127.27862;292.43353;2538.0078;0.5; -127.3679;-17.893272;2537.814;0.5; 270.75934;571.29956;2524.367;1.0; 486.7055;295.30606;2496.8428;1.0; 782.4186;196.05977;2461.1172;1.0; 54.08883;351.94046;2558.3203;1.0; -72.6831;125.47579;2589.1929;1.0; -30.583687;-344.95285;2635.7402;1.0; -33.425507;-819.77673;2615.153;1.0; 145.55757;108.22608;2581.7136;1.0; 195.7929;-361.97217;2622.0872;1.0; 213.93666;-826.94806;2568.8105;1.0; 
88.47344;817.7561;2486.1946;1.0; 73.794075;589.75903;2531.566;1.0; -125.28401;605.21136;2537.076;1.0; -125.28413;294.88446;2537.076;0.5; -125.36457;-15.442364;2536.9014;0.5; 272.87216;574.30664;2526.056;1.0; 487.855;299.155;2494.923;1.0; 787.1514;216.34077;2448.9219;1.0; 56.27259;354.58478;2558.038;1.0; -70.40458;127.88319;2587.5315;1.0; -27.673517;-342.6403;2632.5994;1.0; -30.46766;-814.7734;2614.6096;1.0; 147.9068;110.93792;2581.489;1.0; 197.58804;-359.31653;2622.025;1.0; 215.27159;-828.6101;2563.71;1.0; 
88.47344;817.7561;2486.1946;1.0; 73.794075;589.75903;2531.566;1.0; -125.28401;605.21136;2537.076;1.0; -125.28413;294.88446;2537.076;0.5; -125.36457;-15.442364;2536.9014;0.5; 272.87216;574.30664;2526.056;1.0; 487.855;299.155;2494.923;1.0; 787.1514;216.34077;2448.9219;1.0; 56.27259;354.58478;2558.038;1.0; -70.40458;127.88319;2587.5315;1.0; -27.673517;-342.6403;2632.5994;1.0; -30.46766;-814.7734;2614.6096;1.0; 147.9068;110.93792;2581.489;1.0; 197.58804;-359.31653;2622.025;1.0; 215.27159;-828.6101;2563.71;1.0; 
89.27229;817.2979;2492.733;1.0; 74.58426;589.1199;2534.2654;1.0; -124.513954;604.5761;2539.0461;1.0; -124.51407;294.2492;2539.0461;0.5; -124.58656;-16.077618;2538.8892;0.5; 273.68246;573.66364;2529.4846;1.0; 492.93332;311.0816;2488.9614;1.0; 795.48584;257.8335;2434.6443;1.0; 56.869377;353.66193;2557.7554;1.0; -70.009636;126.67854;2583.8665;1.0; -29.694237;-343.72617;2632.172;1.0; -31.982681;-821.7959;2610.9695;1.0; 148.31862;109.72944;2578.624;1.0; 196.39525;-360.41974;2622.135;1.0; 212.8733;-829.86847;2563.1016;1.0; 
89.14785;813.7853;2488.502;1.0; 74.06191;586.34076;2533.1777;1.0; -125.025345;602.00165;2537.8296;1.0; -125.02546;291.67474;2537.8296;0.5; -125.09084;-18.65208;2537.6882;0.5; 273.14917;570.6798;2528.526;1.0; 497.96613;330.0401;2479.979;1.0; 797.33435;317.87982;2409.5254;1.0; 56.154785;351.11078;2558.7246;1.0; -70.910255;124.46756;2586.822;1.0; -31.879808;-345.8678;2636.8933;1.0; -33.093338;-819.0088;2619.7727;1.0; 147.40558;107.29406;2581.721;1.0; 195.14412;-362.8238;2626.0251;1.0; 210.81073;-827.2622;2568.5803;1.0; 
89.91882;813.72174;2494.8872;1.0; 73.479965;586.5039;2534.9736;1.0; -125.47681;603.71155;2539.5327;1.0; -125.47692;293.38464;2539.5327;0.5; -125.53593;-16.94218;2539.4055;0.5; 272.43674;569.2962;2530.4143;1.0; 499.48294;351.02048;2472.999;1.0; 782.7714;392.15912;2383.235;1.0; 53.647717;351.16058;2557.775;1.0; -75.27465;125.252426;2583.0762;1.0; -33.24401;-345.0105;2631.3228;1.0; -37.959587;-817.6137;2612.6638;1.0; 142.9056;106.38212;2578.0764;1.0; 191.93784;-363.94736;2618.3958;1.0; 206.86174;-822.3255;2564.0972;1.0; 
90.61227;813.9667;2489.0771;1.0; 70.91956;564.327;2544.9702;1.0; -128.06686;580.8056;2550.7185;1.0; -128.06699;270.4787;2550.7185;0.5; -128.12024;-39.848125;2550.604;0.5; 269.906;547.8484;2539.222;1.0; 521.2667;406.7183;2424.318;1.0; 824.56793;424.26364;2361.0461;0.0; 51.612335;328.4248;2552.8794;1.0; -76.77575;101.555885;2563.9397;1.0; -27.536402;-363.32608;2621.9536;1.0; -35.397533;-841.6045;2596.2815;1.0; 141.38596;83.489334;2557.6375;1.0; 195.33914;-382.74673;2604.2654;1.0; 212.06305;-846.91644;2549.078;1.0; 
90.872734;808.78284;2488.679;1.0; 73.08951;571.7474;2539.013;1.0; -125.34376;588.9118;2552.2324;1.0; -125.34387;278.5849;2552.2324;0.5; -125.39195;-31.741943;2552.1294;0.5; 271.52277;554.58295;2525.7937;1.0; 463.04425;474.04495;2422.213;1.0; 553.08575;625.9448;2404.693;1.0; 53.939297;336.37808;2557.164;1.0; -74.0003;110.41906;2582.5625;1.0; -23.939657;-359.5683;2648.2996;1.0; -32.20726;-813.1223;2625.149;1.0; 143.57846;91.59854;2568.0676;1.0; 200.32593;-376.20493;2626.9275;1.0; 215.10953;-816.82947;2579.1216;1.0; 
91.33818;805.38715;2486.9827;1.0; 75.212166;574.6521;2536.0884;1.0; -123.44283;591.6131;2546.9067;1.0; -123.44295;281.2862;2546.9067;0.5; -123.486374;-29.04065;2546.814;0.5; 273.86716;557.69116;2525.27;1.0; 436.98856;506.49902;2430.6152;1.0; 425.33432;728.60876;2414.2114;1.0; 56.413696;339.54382;2559.4985;1.0; -71.27563;113.73252;2588.8386;1.0; -22.684858;-355.9281;2648.0095;1.0; -31.96666;-819.7524;2615.5447;1.0; 146.50609;95.13853;2576.9788;1.0; 202.76924;-372.70776;2634.8267;1.0; 216.20047;-824.8255;2576.2422;1.0; 
91.50463;806.7178;2485.6284;1.0; 76.12178;578.77216;2534.8982;1.0; -122.614365;595.7473;2544.961;1.0; -122.61448;285.4204;2544.961;0.5; -122.65372;-24.906433;2544.8774;0.5; 274.8579;561.79694;2524.8357;1.0; 428.48862;519.7456;2436.809;1.0; 376.73438;779.18756;2401.9556;1.0; 57.38297;343.8292;2561.1467;1.0; -70.28746;118.19073;2592.9106;1.0; -24.419363;-351.53925;2648.4233;1.0; -32.29928;-815.0655;2615.697;1.0; 147.57578;99.58177;2581.8796;1.0; 199.90118;-369.80392;2627.76;1.0; 214.21085;-821.7553;2574.0623;1.0; 
91.50463;806.7178;2485.6284;1.0; 76.12178;578.77216;2534.8982;1.0; -122.614365;595.7473;2544.961;1.0; -122.61448;285.4204;2544.961;0.5; -122.65372;-24.906433;2544.8774;0.5; 274.8579;561.79694;2524.8357;1.0; 428.48862;519.7456;2436.809;1.0; 376.73438;779.18756;2401.9556;1.0; 57.38297;343.8292;2561.1467;1.0; -70.28746;118.19073;2592.9106;1.0; -24.419363;-351.53925;2648.4233;1.0; -32.29928;-815.0655;2615.697;1.0; 147.57578;99.58177;2581.8796;1.0; 199.90118;-369.80392;2627.76;1.0; 214.21085;-821.7553;2574.0623;1.0; 
88.38064;807.00555;2484.4512;1.0; 73.9325;581.04956;2534.3267;1.0; -124.92351;597.70526;2542.7234;1.0; -124.92362;287.37836;2542.7234;0.5; -124.9591;-22.948486;2542.6482;0.5; 272.7885;564.3939;2525.9297;1.0; 435.73743;526.86804;2434.9067;1.0; 382.29102;807.0421;2384.7412;1.0; 55.434834;346.18866;2562.1226;1.0; -72.07865;120.45864;2594.5217;1.0; -28.003115;-349.99908;2641.3728;1.0; -35.910126;-817.4938;2615.4211;1.0; 145.95299;102.19687;2585.3152;1.0; 200.03859;-367.22614;2629.1736;1.0; 209.93361;-819.9856;2573.5156;1.0; 
86.90063;809.7114;2484.8606;1.0; 71.82657;583.70844;2534.5127;1.0; -126.998955;600.6084;2543.459;1.0; -126.99907;290.2815;2543.459;0.5; -127.03114;-20.04535;2543.3914;0.5; 270.6521;566.80853;2525.5662;1.0; 447.3699;518.9332;2432.4497;1.0; 422.02924;806.3018;2366.436;1.0; 53.134167;348.86765;2562.711;1.0; -74.560265;123.29187;2595.814;1.0; -28.7007;-347.14078;2639.9075;1.0; -37.53538;-819.54517;2612.6956;1.0; 143.44379;104.76178;2586.0046;1.0; 198.41724;-365.01312;2624.6833;1.0; 210.7764;-823.7391;2568.7292;1.0; 
86.317184;814.0197;2492.5647;1.0; 69.98822;586.6701;2536.6157;1.0; -128.75377;604.8107;2545.0496;1.0; -128.75389;294.48383;2545.0496;0.5; -128.78288;-15.843035;2544.9888;0.5; 268.73022;568.5295;2528.182;1.0; 467.18903;500.9697;2434.2332;1.0; 484.80994;783.45074;2345.3357;1.0; 49.579765;351.59045;2561.335;1.0; -79.793884;126.45686;2590.6782;1.0; -32.326145;-343.5464;2636.983;1.0; -39.2565;-814.52405;2607.5686;1.0; 138.13649;106.56476;2581.4302;1.0; 192.1538;-363.59357;2616.87;1.0; 207.82883;-821.8486;2566.4458;1.0; 
82.30732;815.2896;2496.4194;1.0; 67.35859;587.9435;2537.744;1.0; -131.43292;605.61096;2546.1492;1.0; -131.43304;295.28406;2546.1492;0.5; -131.45921;-15.04284;2546.0945;0.5; 266.15012;570.27606;2529.3386;1.0; 484.09454;465.48535;2438.6162;1.0; 575.16205;708.6293;2313.1697;1.0; 47.422348;352.63724;2560.8372;1.0; -81.50636;127.01758;2588.5388;1.0; -26.781681;-341.5518;2639.9958;1.0; -35.72994;-818.28516;2610.7087;1.0; 136.47858;107.644356;2579.322;1.0; 195.20271;-361.5412;2619.4878;1.0; 211.40944;-828.2439;2564.4084;1.0; 
77.142654;816.73926;2497.3435;1.0; 63.292088;589.1712;2538.5708;1.0; -135.52988;606.03894;2547.8508;1.0; -135.53;295.71204;2547.8508;0.5; -135.5536;-14.6148615;2547.8015;0.5; 262.11404;572.30347;2529.291;1.0; 488.54758;427.7429;2451.3064;1.0; 656.74347;613.29407;2321.617;1.0; 44.406433;353.7785;2561.8108;1.0; -83.492134;127.6343;2590.1387;1.0; -25.697403;-340.33792;2643.7866;1.0; -35.99236;-820.8067;2613.5237;1.0; 134.53369;109.13734;2579.9626;1.0; 195.70056;-359.4208;2623.7966;1.0; 210.58669;-824.6684;2569.3967;1.0; 
78.22024;819.9206;2499.3079;1.0; 64.17029;591.35876;2538.7126;1.0; -134.7215;607.66437;2547.5356;1.0; -134.72162;297.33746;2547.5356;0.5; -134.74292;-12.989434;2547.4912;0.5; 263.06207;575.05316;2529.8894;1.0; 492.77612;396.37253;2463.1511;1.0; 721.9746;505.2539;2343.1638;1.0; 45.81448;355.7658;2560.3225;1.0; -81.59166;129.11302;2586.77;1.0; -23.395853;-339.7917;2630.0361;1.0; -31.604689;-815.7328;2612.0952;1.0; 136.509;111.232635;2577.0947;1.0; 199.28949;-357.02155;2622.1304;1.0; 214.24246;-828.4849;2561.5125;1.0; 
78.73683;818.2133;2501.2913;1.0; 64.68721;590.0827;2539.4092;1.0; -134.25357;606.14136;2547.5835;1.0; -134.2537;295.81445;2547.5835;0.5; -134.2729;-14.5124445;2547.5437;0.5; 263.628;574.024;2531.2346;1.0; 494.38913;366.68774;2475.5784;1.0; 757.74493;404.88263;2369.825;1.0; 46.5204;354.40173;2560.2798;1.0; -80.72424;127.52565;2585.6326;1.0; -25.70611;-341.3899;2633.1619;1.0; -33.386322;-822.1937;2611.5955;1.0; 137.43143;109.91593;2576.6685;1.0; 198.3785;-358.87646;2618.5276;1.0; 212.55257;-828.1058;2563.7627;1.0; 
78.73683;818.2133;2501.2913;1.0; 64.68721;590.0827;2539.4092;1.0; -134.25357;606.14136;2547.5835;1.0; -134.2537;295.81445;2547.5835;0.5; -134.2729;-14.5124445;2547.5437;0.5; 263.628;574.024;2531.2346;1.0; 494.38913;366.68774;2475.5784;1.0; 757.74493;404.88263;2369.825;1.0; 46.5204;354.40173;2560.2798;1.0; -80.72424;127.52565;2585.6326;1.0; -25.70611;-341.3899;2633.1619;1.0; -33.386322;-822.1937;2611.5955;1.0; 137.43143;109.91593;2576.6685;1.0; 198.3785;-358.87646;2618.5276;1.0; 212.55257;-828.1058;2563.7627;1.0; 
78.41045;816.52704;2501.2805;1.0; 64.84221;588.50214;2538.7751;1.0; -134.1042;604.5697;2546.8376;1.0; -134.10432;294.2428;2546.8376;0.5; -134.12164;-16.0841;2546.8018;0.5; 263.78864;572.4346;2530.713;1.0; 494.1947;345.3439;2485.2883;1.0; 771.88995;318.4273;2399.6304;1.0; 46.631218;352.77942;2559.1763;1.0; -80.66045;125.86644;2583.9978;1.0; -27.041307;-343.3848;2630.2522;1.0; -33.56396;-817.4634;2613.7297;1.0; 137.50092;108.24701;2575.1567;1.0; 198.52379;-360.6564;2615.7993;1.0; 211.3837;-824.0628;2567.0815;1.0; 
78.41045;816.52704;2501.2805;1.0; 64.84221;588.50214;2538.7751;1.0; -134.1042;604.5697;2546.8376;1.0; -134.10432;294.2428;2546.8376;0.5; -134.12164;-16.0841;2546.8018;0.5; 263.78864;572.4346;2530.713;1.0; 494.1947;345.3439;2485.2883;1.0; 771.88995;318.4273;2399.6304;1.0; 46.631218;352.77942;2559.1763;1.0; -80.66045;125.86644;2583.9978;1.0; -27.041307;-343.3848;2630.2522;1.0; -33.56396;-817.4634;2613.7297;1.0; 137.50092;108.24701;2575.1567;1.0; 198.52379;-360.6564;2615.7993;1.0; 211.3837;-824.0628;2567.0815;1.0; 
79.18698;818.936;2501.271;1.0; 65.4809;590.493;2538.7114;1.0; -133.45406;606.61993;2546.9558;1.0; -133.45418;296.29303;2546.9558;0.5; -133.46983;-14.033868;2546.9236;0.5; 264.41586;574.366;2530.467;1.0; 489.59824;324.16986;2493.134;1.0; 767.8023;246.91342;2421.5784;1.0; 47.226425;354.78772;2559.3022;1.0; -80.10304;127.92478;2584.4133;1.0; -26.79935;-341.0834;2633.586;1.0; -33.255886;-819.3436;2615.5984;1.0; 138.04694;110.240135;2575.3728;1.0; 196.29628;-358.30008;2623.0557;1.0; 213.20244;-824.70355;2566.0134;1.0; 
79.18698;818.936;2501.271;1.0; 65.4809;590.493;2538.7114;1.0; -133.45406;606.61993;2546.9558;1.0; -133.45418;296.29303;2546.9558;0.5; -133.46983;-14.033868;2546.9236;0.5; 264.41586;574.366;2530.467;1.0; 489.59824;324.16986;2493.134;1.0; 767.8023;246.91342;2421.5784;1.0; 47.226425;354.78772;2559.3022;1.0; -80.10304;127.92478;2584.4133;1.0; -26.79935;-341.0834;2633.586;1.0; -33.255886;-819.3436;2615.5984;1.0; 138.04694;110.240135;2575.3728;1.0; 196.29628;-358.30008;2623.0557;1.0; 213.20244;-824.70355;2566.0134;1.0; 
77.917336;820.0197;2501.7705;1.0; 65.2704;591.43054;2539.3027;1.0; -133.67134;607.308;2547.864;1.0; -133.67146;296.98108;2547.864;0.5; -133.6856;-13.3458185;2547.835;0.5; 264.21216;575.55316;2530.7415;1.0; 482.2986;311.5856;2498.066;1.0; 756.587;196.99405;2447.961;1.0; 47.35354;355.71713;2560.1074;1.0; -79.64246;128.70924;2585.6062;1.0; -27.375137;-340.74725;2631.5627;1.0; -32.447144;-817.91516;2617.2917;1.0; 138.51581;111.29816;2576.218;1.0; 194.81967;-357.47144;2624.2827;1.0; 213.29578;-824.29047;2568.746;1.0; 
77.917336;820.0197;2501.7705;1.0; 65.2704;591.43054;2539.3027;1.0; -133.67134;607.308;2547.864;1.0; -133.67146;296.98108;2547.864;0.5; -133.6856;-13.3458185;2547.835;0.5; 264.21216;575.55316;2530.7415;1.0; 482.2986;311.5856;2498.066;1.0; 756.587;196.99405;2447.961;1.0; 47.35354;355.71713;2560.1074;1.0; -79.64246;128.70924;2585.6062;1.0; -27.375137;-340.74725;2631.5627;1.0; -32.447144;-817.91516;2617.2917;1.0; 138.51581;111.29816;2576.218;1.0; 194.81967;-357.47144;2624.2827;1.0; 213.29578;-824.29047;2568.746;1.0; 
79.583084;820.54675;2509.0251;1.0; 64.18241;591.8049;2541.7368;1.0; -134.58995;609.25134;2550.988;1.0; -134.59007;298.92444;2550.988;0.5; -134.60284;-11.402459;2550.962;0.5; 262.95477;574.35846;2532.4856;1.0; 474.14294;306.78876;2499.548;1.0; 746.7943;178.64708;2457.4514;1.0; 44.30652;356.01694;2559.3438;1.0; -84.5595;129.79517;2582.0232;1.0; -32.511826;-339.6753;2628.2405;1.0; -38.37052;-820.7643;2610.4678;1.0; 133.42075;110.662834;2571.8782;1.0; 190.7074;-358.53436;2614.0693;1.0; 208.3192;-829.80914;2561.611;1.0; 
80.087;819.2099;2504.649;1.0; 64.00908;591.01514;2540.1477;1.0; -134.70923;609.1229;2549.3503;1.0; -134.70935;298.79602;2549.3503;0.5; -134.72087;-11.530896;2549.3267;0.5; 262.7274;572.9073;2530.945;1.0; 477.57126;300.89417;2500.7712;1.0; 757.10834;177.9559;2461.2341;1.0; 43.458084;355.45007;2559.8936;1.0; -86.04806;129.81334;2584.6853;1.0; -29.752224;-338.66425;2635.4275;1.0; -34.21269;-818.4048;2617.6777;1.0; 131.86224;109.95669;2574.5938;1.0; 193.85237;-358.34314;2619.9224;1.0; 211.159;-829.297;2569.1929;1.0; 
79.84667;821.26337;2501.4626;1.0; 64.40496;592.46124;2538.9163;1.0; -134.4413;610.00055;2546.0085;1.0; -134.44142;299.67365;2546.0085;0.5; -134.4518;-10.653272;2545.9873;0.5; 263.25122;574.922;2531.824;1.0; 486.77704;307.44128;2497.3904;1.0; 773.9689;198.22964;2455.375;1.0; 44.391273;356.97253;2560.1592;1.0; -84.654434;131.10101;2585.2908;1.0; -25.523758;-337.54276;2630.9065;1.0; -31.46486;-820.924;2613.6145;1.0; 133.40959;111.86662;2577.5132;1.0; 198.78438;-356.25607;2619.9316;1.0; 212.40266;-822.88513;2571.1562;1.0; 
79.84667;821.26337;2501.4626;1.0; 64.40496;592.46124;2538.9163;1.0; -134.4413;610.00055;2546.0085;1.0; -134.44142;299.67365;2546.0085;0.5; -134.4518;-10.653272;2545.9873;0.5; 263.25122;574.922;2531.824;1.0; 486.77704;307.44128;2497.3904;1.0; 773.9689;198.22964;2455.375;1.0; 44.391273;356.97253;2560.1592;1.0; -84.654434;131.10101;2585.2908;1.0; -25.523758;-337.54276;2630.9065;1.0; -31.46486;-820.924;2613.6145;1.0; 133.40959;111.86662;2577.5132;1.0; 198.78438;-356.25607;2619.9316;1.0; 212.40266;-822.88513;2571.1562;1.0; 
81.01325;814.5372;2493.3672;1.0; 65.33764;587.3734;2536.652;1.0; -133.53633;604.72754;2543.6238;1.0; -133.53645;294.40063;2543.6238;0.5; -133.54578;-15.926282;2543.6047;0.5; 264.2116;570.01935;2529.6804;1.0; 489.8873;318.21982;2495.6965;1.0; 783.01636;246.64833;2436.9836;1.0; 45.686996;352.2199;2561.4487;1.0; -83.001785;126.58123;2590.0679;1.0; -25.596548;-342.47736;2633.8308;1.0; -30.274212;-825.1223;2619.2778;1.0; 135.0745;107.55153;2582.4229;1.0; 196.8546;-361.27505;2622.458;1.0; 214.10628;-831.7178;2571.5261;1.0; 
85.723595;808.328;2489.8186;1.0; 68.96813;582.465;2535.5342;1.0; -129.957;599.80884;2540.7188;1.0; -129.95712;289.48193;2540.7188;0.5; -129.9655;-20.844982;2540.7017;0.5; 267.89328;565.1212;2530.3496;1.0; 490.4376;333.60535;2490.8477;1.0; 781.20917;314.12323;2412.7607;1.0; 49.157516;347.44952;2561.6182;1.0; -79.725555;121.943794;2590.545;1.0; -22.487965;-347.4987;2630.231;1.0; -30.179508;-826.4388;2615.226;1.0; 138.41936;102.92427;2584.8594;1.0; 197.77086;-366.787;2616.7207;1.0; 216.5603;-830.32855;2571.2454;1.0; 
88.87879;807.2056;2486.5447;1.0; 71.65044;581.7079;2535.2322;1.0; -127.32843;598.8779;2538.2502;1.0; -127.328545;288.55103;2538.2502;0.5; -127.33609;-21.77589;2538.2349;0.5; 270.6293;564.5378;2532.2139;1.0; 495.7115;356.29742;2481.4238;1.0; 772.3547;397.64804;2383.9434;1.0; 51.79737;346.83118;2562.5723;1.0; -77.158516;121.36909;2591.5674;1.0; -24.496632;-348.35507;2634.017;1.0; -30.15921;-816.4727;2618.3975;1.0; 141.04713;102.5399;2588.2576;1.0; 196.60573;-367.83984;2617.378;1.0; 215.74532;-822.7384;2573.3037;1.0; 
90.8299;811.0861;2493.408;1.0; 72.40631;584.70917;2537.4773;1.0; -126.47339;603.1048;2540.0886;1.0; -126.4735;292.7779;2540.0886;0.5; -126.480316;-17.549023;2540.0747;0.5; 271.286;566.3135;2534.866;1.0; 500.8587;381.15094;2469.2207;1.0; 748.2043;486.9474;2358.5825;1.0; 50.97814;349.63168;2561.521;1.0; -79.49268;124.640274;2586.9966;1.0; -28.19723;-345.13046;2630.8086;1.0; -35.6923;-815.6751;2613.117;1.0; 138.59264;104.468155;2584.133;1.0; 192.08195;-366.2714;2611.763;1.0; 210.61295;-825.75256;2563.829;1.0; 
89.84945;807.8784;2488.3389;1.0; 71.28907;582.55194;2536.135;1.0; -127.55431;601.3919;2538.804;1.0; -127.55443;291.065;2538.804;0.5; -127.56056;-19.261913;2538.7915;0.5; 270.13245;563.7119;2533.466;1.0; 505.93024;413.5754;2459.6067;1.0; 709.3339;579.90137;2343.8281;1.0; 49.40909;347.81995;2562.9863;1.0; -81.49288;123.41758;2591.301;1.0; -28.983938;-345.54648;2641.5105;1.0; -35.677925;-825.1972;2617.6438;1.0; 136.5511;102.75838;2588.3743;1.0; 193.27422;-366.9267;2624.8416;1.0; 209.4856;-829.5482;2570.2231;1.0; 
88.40533;805.0087;2486.8057;1.0; 70.41765;580.7987;2535.94;1.0; -128.24887;600.19366;2542.4573;1.0; -128.249;289.86676;2542.4573;0.5; -128.2545;-20.460155;2542.446;0.5; 269.08417;561.40375;2529.4226;1.0; 481.49387;473.80737;2453.8003;1.0; 564.6754;700.194;2353.853;1.0; 48.504177;346.396;2565.5166;1.0; -82.356346;122.62934;2598.6672;1.0; -27.90843;-346.6711;2643.2896;1.0; -34.701183;-823.27545;2621.538;1.0; 135.53775;101.357285;2591.5193;1.0; 194.31953;-368.4381;2623.437;1.0; 212.74734;-835.31964;2566.135;1.0; 
88.40533;805.0087;2486.8057;1.0; 70.41765;580.7987;2535.94;1.0; -128.24887;600.19366;2542.4573;1.0; -128.249;289.86676;2542.4573;0.5; -128.2545;-20.460155;2542.446;0.5; 269.08417;561.40375;2529.4226;1.0; 481.49387;473.80737;2453.8003;1.0; 564.6754;700.194;2353.853;1.0; 48.504177;346.396;2565.5166;1.0; -82.356346;122.62934;2598.6672;1.0; -27.90843;-346.6711;2643.2896;1.0; -34.701183;-823.27545;2621.538;1.0; 135.53775;101.357285;2591.5193;1.0; 194.31953;-368.4381;2623.437;1.0; 212.74734;-835.31964;2566.135;1.0; 
87.57749;805.1692;2485.5225;1.0; 71.06628;580.5437;2534.8442;1.0; -127.466095;599.1789;2545.5552;1.0; -127.46621;288.852;2545.5552;0.5; -127.47114;-21.474926;2545.545;0.5; 269.59866;561.90857;2524.1335;1.0; 450.25436;505.40768;2447.886;1.0; 455.41827;764.6705;2369.7485;1.0; 50.690643;346.07837;2565.102;1.0; -78.5533;121.83191;2601.2332;1.0; -23.324272;-347.69046;2642.6824;1.0; -30.663984;-825.54877;2615.6536;1.0; 139.18332;101.394135;2589.4863;1.0; 198.96997;-368.26465;2622.1423;1.0; 217.52083;-831.90985;2559.4592;1.0; 
87.57749;805.1692;2485.5225;1.0; 71.06628;580.5437;2534.8442;1.0; -127.466095;599.1789;2545.5552;1.0; -127.46621;288.852;2545.5552;0.5; -127.47114;-21.474926;2545.545;0.5; 269.59866;561.90857;2524.1335;1.0; 450.25436;505.40768;2447.886;1.0; 455.41827;764.6705;2369.7485;1.0; 50.690643;346.07837;2565.102;1.0; -78.5533;121.83191;2601.2332;1.0; -23.324272;-347.69046;2642.6824;1.0; -30.663984;-825.54877;2615.6536;1.0; 139.18332;101.394135;2589.4863;1.0; 198.96997;-368.26465;2622.1423;1.0; 217.52083;-831.90985;2559.4592;1.0; 
87.79976;804.7287;2485.3955;1.0; 71.59658;580.4627;2534.4653;1.0; -126.709114;599.3629;2548.495;1.0; -126.70923;289.036;2548.495;0.5; -126.713684;-21.290905;2548.486;0.5; 269.90228;561.5625;2520.4355;1.0; 446.5904;472.48654;2460.3032;1.0; 395.21716;745.42126;2396.1606;1.0; 51.390648;345.9751;2564.7522;1.0; -77.54288;121.85016;2602.7314;1.0; -26.215124;-348.16577;2643.664;1.0; -32.23434;-820.8581;2616.0571;1.0; 139.91231;101.12483;2587.347;1.0; 196.63718;-368.67322;2623.3037;1.0; 213.66449;-828.7368;2562.6226;1.0; 
87.79976;804.7287;2485.3955;1.0; 71.59658;580.4627;2534.4653;1.0; -126.709114;599.3629;2548.495;1.0; -126.70923;289.036;2548.495;0.5; -126.713684;-21.290905;2548.486;0.5; 269.90228;561.5625;2520.4355;1.0; 446.5904;472.48654;2460.3032;1.0; 395.21716;745.42126;2396.1606;1.0; 51.390648;345.9751;2564.7522;1.0; -77.54288;121.85016;2602.7314;1.0; -26.215124;-348.16577;2643.664;1.0; -32.23434;-820.8581;2616.0571;1.0; 139.91231;101.12483;2587.347;1.0; 196.63718;-368.67322;2623.3037;1.0; 213.66449;-828.7368;2562.6226;1.0; 
86.72458;805.0016;2484.827;1.0; 70.496994;580.7855;2534.3088;1.0; -127.85674;599.5818;2548.2322;1.0; -127.85686;289.25488;2548.2322;0.5; -127.86085;-21.072033;2548.2239;0.5; 268.85074;561.98926;2520.3853;1.0; 431.7909;472.74707;2462.6497;1.0; 354.7276;754.8002;2411.3245;1.0; 50.413956;346.30197;2564.752;1.0; -78.40929;122.122765;2602.8281;1.0; -26.4697;-347.92487;2642.8247;1.0; -34.479397;-823.1663;2612.377;1.0; 139.07112;101.51404;2587.5623;1.0; 197.21295;-368.03632;2624.709;1.0; 212.11678;-824.34326;2568.0984;1.0; 
86.72458;805.0016;2484.827;1.0; 70.496994;580.7855;2534.3088;1.0; -127.85674;599.5818;2548.2322;1.0; -127.85686;289.25488;2548.2322;0.5; -127.86085;-21.072033;2548.2239;0.5; 268.85074;561.98926;2520.3853;1.0; 431.7909;472.74707;2462.6497;1.0; 354.7276;754.8002;2411.3245;1.0; 50.413956;346.30197;2564.752;1.0; -78.40929;122.122765;2602.8281;1.0; -26.4697;-347.92487;2642.8247;1.0; -34.479397;-823.1663;2612.377;1.0; 139.07112;101.51404;2587.5623;1.0; 197.21295;-368.03632;2624.709;1.0; 212.11678;-824.34326;2568.0984;1.0; 
84.24761;807.48083;2485.049;1.0; 68.10656;583.032;2534.992;1.0; -130.15652;601.9991;2550.0935;1.0; -130.15665;291.67218;2550.0935;0.5; -130.16022;-18.654736;2550.0862;0.5; 266.36963;564.0648;2519.8904;1.0; 422.39627;492.37384;2457.8225;1.0; 331.4854;780.4441;2419.582;1.0; 48.019318;348.58484;2565.7332;1.0; -80.768616;124.536736;2604.754;1.0; -24.286654;-344.96365;2644.883;1.0; -35.14603;-816.3089;2617.0686;1.0; 136.63277;103.7387;2588.1946;1.0; 195.77396;-365.7754;2624.3438;1.0; 210.53091;-828.1373;2564.0837;1.0; 
84.24761;807.48083;2485.049;1.0; 68.10656;583.032;2534.992;1.0; -130.15652;601.9991;2550.0935;1.0; -130.15665;291.67218;2550.0935;0.5; -130.16022;-18.654736;2550.0862;0.5; 266.36963;564.0648;2519.8904;1.0; 422.39627;492.37384;2457.8225;1.0; 331.4854;780.4441;2419.582;1.0; 48.019318;348.58484;2565.7332;1.0; -80.768616;124.536736;2604.754;1.0; -24.286654;-344.96365;2644.883;1.0; -35.14603;-816.3089;2617.0686;1.0; 136.63277;103.7387;2588.1946;1.0; 195.77396;-365.7754;2624.3438;1.0; 210.53091;-828.1373;2564.0837;1.0; 
82.87295;805.4559;2485.1594;1.0; 67.31248;580.52216;2535.1418;1.0; -130.7983;599.44855;2552.1711;1.0; -130.79842;289.12164;2552.1711;0.5; -130.80162;-21.205273;2552.1646;0.5; 265.42325;561.59576;2518.1128;1.0; 423.69495;502.18466;2454.4097;1.0; 336.86954;793.76733;2410.8625;1.0; 47.49624;345.97397;2565.287;1.0; -80.94356;121.80306;2604.7693;1.0; -24.991737;-347.81796;2644.4114;1.0; -34.071068;-823.09503;2614.5881;1.0; 136.30356;101.048485;2586.0952;1.0; 198.2956;-368.15222;2621.5046;1.0; 212.1564;-830.3709;2562.6255;1.0; 
82.87295;805.4559;2485.1594;1.0; 67.31248;580.52216;2535.1418;1.0; -130.7983;599.44855;2552.1711;1.0; -130.79842;289.12164;2552.1711;0.5; -130.80162;-21.205273;2552.1646;0.5; 265.42325;561.59576;2518.1128;1.0; 423.69495;502.18466;2454.4097;1.0; 336.86954;793.76733;2410.8625;1.0; 47.49624;345.97397;2565.287;1.0; -80.94356;121.80306;2604.7693;1.0; -24.991737;-347.81796;2644.4114;1.0; -34.071068;-823.09503;2614.5881;1.0; 136.30356;101.048485;2586.0952;1.0; 198.2956;-368.15222;2621.5046;1.0; 212.1564;-830.3709;2562.6255;1.0; 
82.11643;808.4491;2492.7153;1.0; 66.40964;582.4725;2537.505;1.0; -131.9567;600.95734;2551.662;1.0; -131.95682;290.63043;2551.662;0.5; -131.9597;-19.696484;2551.656;0.5; 264.77597;563.98755;2523.3477;1.0; 439.87717;507.11298;2452.7012;1.0; 374.3525;799.2902;2394.9824;1.0; 46.395878;347.5147;2563.8599;1.0; -82.38807;122.69279;2597.9778;1.0; -26.423235;-347.23557;2633.6643;1.0; -34.89266;-814.7895;2609.4966;1.0; 135.15231;102.421165;2582.4521;1.0; 198.01277;-366.67047;2617.8765;1.0; 210.0976;-821.96936;2563.22;1.0; 
78.44823;811.4591;2496.5022;1.0; 64.27891;584.55566;2538.9744;1.0; -134.39346;601.606;2550.1533;1.0; -134.39359;291.2791;2550.1533;0.5; -134.39616;-19.047802;2550.148;0.5; 262.9513;567.5054;2527.7957;1.0; 459.45316;500.567;2451.3547;1.0; 433.6341;792.99207;2378.173;1.0; 45.472195;349.3001;2563.5576;1.0; -82.27275;123.39375;2594.2705;1.0; -24.340193;-345.41287;2639.2466;1.0; -34.644062;-819.1482;2610.94;1.0; 135.60371;104.69532;2582.011;1.0; 199.63484;-363.95972;2620.8308;1.0; 210.55566;-816.8824;2569.489;1.0; 
78.44823;811.4591;2496.5022;1.0; 64.27891;584.55566;2538.9744;1.0; -134.39346;601.606;2550.1533;1.0; -134.39359;291.2791;2550.1533;0.5; -134.39616;-19.047802;2550.148;0.5; 262.9513;567.5054;2527.7957;1.0; 459.45316;500.567;2451.3547;1.0; 433.6341;792.99207;2378.173;1.0; 45.472195;349.3001;2563.5576;1.0; -82.27275;123.39375;2594.2705;1.0; -24.340193;-345.41287;2639.2466;1.0; -34.644062;-819.1482;2610.94;1.0; 135.60371;104.69532;2582.011;1.0; 199.63484;-363.95972;2620.8308;1.0; 210.55566;-816.8824;2569.489;1.0; 
77.26649;813.44354;2498.8894;1.0; 63.44842;586.11237;2539.1992;1.0; -135.38547;602.5251;2548.5156;1.0; -135.38559;292.19818;2548.5156;0.5; -135.38791;-18.128735;2548.5107;0.5; 262.28232;569.6997;2529.8828;1.0; 473.73514;482.28967;2451.6777;1.0; 506.45636;763.2585;2361.8914;1.0; 45.084747;350.64545;2562.0977;1.0; -82.29259;124.17703;2590.1038;1.0; -27.299232;-345.08542;2634.4841;1.0; -34.417294;-815.1468;2613.6504;1.0; 135.73473;106.18002;2579.8882;1.0; 198.62863;-362.62378;2618.8647;1.0; 211.67296;-823.0879;2566.3296;1.0; 
76.33862;815.0699;2499.5815;1.0; 62.582623;587.7803;2539.1077;1.0; -136.353;603.82;2547.0159;1.0; -136.35312;293.4931;2547.0159;0.5; -136.35522;-16.833813;2547.0115;0.5; 261.51825;571.74054;2531.1997;1.0; 485.86877;455.1459;2452.8403;1.0; 584.33014;707.8754;2343.4502;1.0; 44.489925;352.25186;2561.6838;1.0; -82.673004;125.51754;2588.5957;1.0; -26.394878;-343.56067;2633.627;1.0; -34.57774;-819.12854;2613.399;1.0; 135.46745;107.92937;2579.9243;1.0; 199.56384;-360.82837;2617.4915;1.0; 211.4861;-824.53204;2567.7593;1.0; 
76.33862;815.0699;2499.5815;1.0; 62.582623;587.7803;2539.1077;1.0; -136.353;603.82;2547.0159;1.0; -136.35312;293.4931;2547.0159;0.5; -136.35522;-16.833813;2547.0115;0.5; 261.51825;571.74054;2531.1997;1.0; 485.86877;455.1459;2452.8403;1.0; 584.33014;707.8754;2343.4502;1.0; 44.489925;352.25186;2561.6838;1.0; -82.673004;125.51754;2588.5957;1.0; -26.394878;-343.56067;2633.627;1.0; -34.57774;-819.12854;2613.399;1.0; 135.46745;107.92937;2579.9243;1.0; 199.56384;-360.82837;2617.4915;1.0; 211.4861;-824.53204;2567.7593;1.0; 
75.626205;812.6624;2501.4294;1.0; 62.056442;585.16797;2538.9832;1.0; -136.98831;600.44293;2545.7095;1.0; -136.98843;290.11603;2545.7095;0.5; -136.99033;-20.210888;2545.7056;0.5; 261.1012;569.893;2532.257;1.0; 492.43787;427.57666;2459.9224;1.0; 665.5726;624.017;2347.094;1.0; 44.689865;349.46948;2560.3276;1.0; -81.80942;122.14599;2585.3599;1.0; -24.460384;-346.2715;2635.5007;1.0; -32.73379;-821.6068;2612.2163;1.0; 136.456;105.395996;2577.9841;1.0; 200.13696;-363.11642;2619.0466;1.0; 212.8618;-826.67334;2565.9207;1.0; 
75.626205;812.6624;2501.4294;1.0; 62.056442;585.16797;2538.9832;1.0; -136.98831;600.44293;2545.7095;1.0; -136.98843;290.11603;2545.7095;0.5; -136.99033;-20.210888;2545.7056;0.5; 261.1012;569.893;2532.257;1.0; 492.43787;427.57666;2459.9224;1.0; 665.5726;624.017;2347.094;1.0; 44.689865;349.46948;2560.3276;1.0; -81.80942;122.14599;2585.3599;1.0; -24.460384;-346.2715;2635.5007;1.0; -32.73379;-821.6068;2612.2163;1.0; 136.456;105.395996;2577.9841;1.0; 200.13696;-363.11642;2619.0466;1.0; 212.8618;-826.67334;2565.9207;1.0; 
76.187195;814.3115;2500.3486;1.0; 63.074654;586.8179;2538.125;1.0; -135.97032;601.65753;2545.8787;1.0; -135.97044;291.33063;2545.8787;0.5; -135.97212;-18.996288;2545.8752;0.5; 262.11963;571.9782;2530.3716;1.0; 492.7188;400.28937;2472.958;1.0; 719.76636;531.6754;2361.5884;1.0; 46.3431;351.0958;2559.7554;1.0; -79.52173;123.51005;2585.6367;1.0; -23.810621;-344.96094;2637.2727;1.0; -31.514172;-818.75555;2614.9998;1.0; 138.74483;107.237335;2577.1345;1.0; 201.08263;-360.99283;2622.9946;1.0; 213.72224;-828.72656;2562.0767;1.0; 
76.187195;814.3115;2500.3486;1.0; 63.074654;586.8179;2538.125;1.0; -135.97032;601.65753;2545.8787;1.0; -135.97044;291.33063;2545.8787;0.5; -135.97212;-18.996288;2545.8752;0.5; 262.11963;571.9782;2530.3716;1.0; 492.7188;400.28937;2472.958;1.0; 719.76636;531.6754;2361.5884;1.0; 46.3431;351.0958;2559.7554;1.0; -79.52173;123.51005;2585.6367;1.0; -23.810621;-344.96094;2637.2727;1.0; -31.514172;-818.75555;2614.9998;1.0; 138.74483;107.237335;2577.1345;1.0; 201.08263;-360.99283;2622.9946;1.0; 213.72224;-828.72656;2562.0767;1.0; 
76.83139;811.9434;2501.8132;1.0; 64.08021;584.4875;2538.3228;1.0; -135.01927;598.9536;2545.4656;1.0; -135.0194;288.6267;2545.4656;0.5; -135.02092;-21.700207;2545.4624;0.5; 263.1797;570.0214;2531.1802;1.0; 499.86066;380.14697;2484.9824;1.0; 763.655;427.93427;2386.699;1.0; 47.68132;348.6446;2558.8643;1.0; -77.88099;120.73324;2583.322;1.0; -25.158882;-347.65964;2638.592;1.0; -33.259007;-827.3372;2609.5496;1.0; 140.44585;104.87012;2575.4895;1.0; 198.74988;-363.92145;2620.917;1.0; 213.41693;-831.65027;2564.3196;1.0; 
76.83139;811.9434;2501.8132;1.0; 64.08021;584.4875;2538.3228;1.0; -135.01927;598.9536;2545.4656;1.0; -135.0194;288.6267;2545.4656;0.5; -135.02092;-21.700207;2545.4624;0.5; 263.1797;570.0214;2531.1802;1.0; 499.86066;380.14697;2484.9824;1.0; 763.655;427.93427;2386.699;1.0; 47.68132;348.6446;2558.8643;1.0; -77.88099;120.73324;2583.322;1.0; -25.158882;-347.65964;2638.592;1.0; -33.259007;-827.3372;2609.5496;1.0; 140.44585;104.87012;2575.4895;1.0; 198.74988;-363.92145;2620.917;1.0; 213.41693;-831.65027;2564.3196;1.0; 
0.0;0.0;0.0;0.0; 0.0;0.0;0.0;0.0; 0.0;0.0;0.0;0.0; 0.0;0.0;0.0;0.0; 0.0;0.0;0.0;0.0; 0.0;0.0;0.0;0.0; 0.0;0.0;0.0;0.0; 0.0;0.0;0.0;0.0; 0.0;0.0;0.0;0.0; 0.0;0.0;0.0;0.0; 0.0;0.0;0.0;0.0; 0.0;0.0;0.0;0.0; 0.0;0.0;0.0;0.0; 0.0;0.0;0.0;0.0; 0.0;0.0;0.0;0.0; 
