79.81533;841.22845;2529.4358;1.0; 89.461464;574.74005;2557.9534;1.0; -90.28905;575.8729;2571.2563;1.0; -146.55357;296.76614;2612.7124;1.0; -180.9626;-21.63661;2488.5505;1.0; 269.21198;573.60724;2544.6501;1.0; 405.2634;355.53726;2543.5107;1.0; 417.62057;704.1837;2445.1829;1.0; 87.87214;354.58307;2555.226;1.0; -26.503796;135.13687;2560.846;1.0; -40.61569;-378.37915;2591.6882;1.0; -20.053032;-850.9117;2684.9412;1.0; 199.06943;133.71526;2544.1516;1.0; 202.36809;-407.6599;2566.295;1.0; 185.70837;-900.7102;2654.2917;1.0; 
80.22757;840.70966;2529.0996;1.0; 80.24786;564.5299;2554.3818;1.0; -91.41089;562.1424;2569.8315;1.0; -147.55484;282.44043;2612.0784;1.0; -171.6302;-25.229572;2482.16;1.0; 251.90663;566.91736;2538.932;1.0; 406.06525;366.53415;2547.5886;1.0; 539.4656;613.27814;2409.94;1.0; 83.14923;349.25598;2553.3516;1.0; -25.37366;132.43234;2562.3499;1.0; -41.256256;-375.37634;2587.1743;1.0; -18.527687;-856.1868;2686.8052;1.0; 197.47485;135.53178;2542.2927;1.0; 201.71365;-398.31232;2564.755;1.0; 186.91788;-894.32306;2656.5847;1.0; 
80.250595;840.3627;2529.4377;1.0; 82.17546;564.98;2555.7847;1.0; -91.77512;563.5034;2571.7268;1.0; -148.00441;283.1271;2614.8699;1.0; -171.95735;-28.474573;2474.655;1.0; 256.12604;566.4566;2539.8423;1.0; 397.85455;346.20895;2567.6042;1.0; 604.33716;531.31085;2408.5642;1.0; 83.90908;348.01126;2554.6047;1.0; -24.99385;130.10338;2563.5647;1.0; -41.121323;-380.6211;2588.584;1.0; -17.416023;-858.76666;2685.574;1.0; 196.27925;131.98167;2543.2852;1.0; 201.65044;-397.81128;2566.3953;1.0; 187.36597;-894.12805;2657.43;1.0; 
79.725136;839.0308;2526.0317;1.0; 82.91351;562.284;2555.0786;1.0; -91.13733;562.4917;2574.811;1.0; -153.51738;274.2957;2627.6826;1.0; -172.18274;-32.462315;2485.84;1.0; 256.96436;562.0763;2535.3462;1.0; 391.9202;317.55185;2567.1838;1.0; 658.7878;433.05008;2414.7056;1.0; 82.887924;339.87564;2557.194;1.0; -29.618807;117.601524;2572.0618;1.0; -41.29917;-382.37854;2587.4182;1.0; -18.514643;-861.35815;2681.0037;1.0; 195.34348;117.33306;2546.5574;1.0; 201.97255;-401.77072;2571.072;1.0; 187.93822;-897.4511;2661.389;1.0; 
79.3906;838.4439;2526.892;1.0; 83.799194;561.1338;2554.677;1.0; -90.869705;561.44934;2572.6277;1.0; -153.25089;276.04742;2622.5652;1.0; -174.29482;-26.620577;2485.1758;1.0; 258.46808;560.81824;2536.7263;1.0; 395.13348;305.1409;2566.903;1.0; 691.6509;328.78226;2420.8274;1.0; 83.584;337.79593;2556.509;1.0; -27.601345;114.65852;2569.7456;1.0; -40.60191;-392.65533;2589.0688;1.0; -18.089874;-869.4661;2685.562;1.0; 194.33896;114.25758;2546.9368;1.0; 202.65869;-411.35394;2576.5352;1.0; 189.3272;-919.9473;2669.5332;1.0; 
78.30169;837.8203;2527.1301;1.0; 84.217255;555.1416;2553.9905;1.0; -91.11089;555.6491;2570.1924;1.0; -152.24121;273.12845;2619.2935;1.0; -181.59262;-25.936117;2487.395;1.0; 259.5454;554.6341;2537.7886;1.0; 418.19348;276.4255;2541.5474;1.0; 710.0819;248.35063;2438.451;1.0; 83.77423;333.8129;2556.1294;1.0; -26.978334;112.803505;2568.462;1.0; -40.739555;-397.5602;2589.8425;1.0; -18.297453;-872.948;2687.8174;1.0; 193.64076;112.16489;2548.0747;1.0; 201.90324;-400.69626;2573.694;1.0; 188.96547;-901.92523;2665.1992;1.0; 
78.10063;837.10175;2526.938;1.0; 82.0307;554.6065;2552.6416;1.0; -92.642876;554.27106;2567.2224;1.0; -154.31721;272.40118;2616.5771;1.0; -173.4994;-25.918451;2493.8733;1.0; 256.70428;554.9419;2538.061;1.0; 422.8257;268.35864;2535.8342;1.0; 699.9351;175.18843;2465.3303;1.0; 82.757;331.4;2556.2078;1.0; -27.021332;107.9813;2568.998;1.0; -40.96134;-403.8338;2591.086;1.0; -18.576344;-877.7889;2689.8467;1.0; 193.98795;108.405716;2550.5496;1.0; 202.40944;-402.2845;2577.7278;1.0; 190.42677;-894.0531;2666.2117;1.0; 
78.10063;837.10175;2526.938;1.0; 82.0307;554.6065;2552.6416;1.0; -92.642876;554.27106;2567.2224;1.0; -154.31721;272.40118;2616.5771;1.0; -173.4994;-25.918451;2493.8733;1.0; 256.70428;554.9419;2538.061;1.0; 422.8257;268.35864;2535.8342;1.0; 699.9351;175.18843;2465.3303;1.0; 82.757;331.4;2556.2078;1.0; -27.021332;107.9813;2568.998;1.0; -40.96134;-403.8338;2591.086;1.0; -18.576344;-877.7889;2689.8467;1.0; 193.98795;108.405716;2550.5496;1.0; 202.40944;-402.2845;2577.7278;1.0; 190.42677;-894.0531;2666.2117;1.0; 
77.40223;836.1978;2526.204;1.0; 80.45186;554.5307;2551.9404;1.0; -92.922295;553.4814;2566.7112;1.0; -155.2319;271.70905;2615.2834;1.0; -183.5373;-36.126152;2513.3362;1.0; 253.82602;555.58;2537.17;1.0; 411.16223;278.1326;2543.443;1.0; 676.08765;137.76392;2470.2852;1.0; 82.09851;331.6676;2555.4363;1.0; -25.957026;108.140564;2568.278;1.0; -40.75113;-403.1568;2590.757;1.0; -19.257092;-855.8649;2686.105;1.0; 193.44734;109.46847;2549.586;1.0; 201.90184;-397.581;2574.7822;1.0; 189.69154;-890.71075;2664.3833;1.0; 
77.40223;836.1978;2526.204;1.0; 80.45186;554.5307;2551.9404;1.0; -92.922295;553.4814;2566.7112;1.0; -155.2319;271.70905;2615.2834;1.0; -183.5373;-36.126152;2513.3362;1.0; 253.82602;555.58;2537.17;1.0; 411.16223;278.1326;2543.443;1.0; 676.08765;137.76392;2470.2852;1.0; 82.09851;331.6676;2555.4363;1.0; -25.957026;108.140564;2568.278;1.0; -40.75113;-403.1568;2590.757;1.0; -19.257092;-855.8649;2686.105;1.0; 193.44734;109.46847;2549.586;1.0; 201.90184;-397.581;2574.7822;1.0; 189.69154;-890.71075;2664.3833;1.0; 
77.0685;836.17896;2526.7395;1.0; 79.26438;554.08984;2551.3787;1.0; -93.53969;553.0612;2563.8823;1.0; -153.15489;272.76538;2612.1118;1.0; -194.41635;-42.975082;2516.2827;1.0; 252.06845;555.11847;2538.8752;1.0; 403.99313;283.19247;2550.1294;1.0; 654.71704;132.67822;2483.28;1.0; 80.706985;334.55276;2553.2556;1.0; -30.622276;114.344406;2563.2922;1.0; -42.094566;-410.0771;2593.0588;1.0; -20.310179;-872.2157;2690.7168;1.0; 194.92146;115.68697;2546.9727;1.0; 203.64806;-386.88174;2570.2856;1.0; 192.08986;-880.97534;2661.7751;1.0; 
76.22691;835.6586;2527.613;1.0; 78.643196;553.2568;2551.0513;1.0; -93.882965;551.7056;2565.563;1.0; -151.62582;272.18625;2613.9712;1.0; -182.98106;-43.338894;2502.2646;1.0; 251.16936;554.80786;2536.5393;1.0; 397.08716;280.7977;2550.7544;1.0; 684.2835;140.05212;2495.7173;1.0; 80.832214;332.5985;2553.4905;1.0; -28.151396;110.94076;2565.2808;1.0; -41.615166;-405.58746;2591.4124;1.0; -19.584854;-873.00653;2690.451;1.0; 194.19386;112.93978;2546.5786;1.0; 202.84045;-390.12442;2570.4426;1.0; 192.60515;-883.6733;2662.1448;1.0; 
75.21384;835.4162;2528.5369;1.0; 77.8109;552.39667;2550.0674;1.0; -94.28495;550.4484;2565.5286;1.0; -145.351;275.476;2619.8748;1.0; -189.33324;-31.799425;2499.7803;1.0; 249.90674;554.34485;2534.6062;1.0; 397.56213;282.96982;2553.4524;1.0; 685.4973;175.62833;2476.7603;1.0; 80.57687;331.0052;2552.9583;1.0; -27.133827;108.36307;2565.7744;1.0; -41.817284;-405.25085;2591.649;1.0; -20.517206;-876.401;2691.4937;1.0; 193.81953;110.86438;2545.9238;1.0; 202.4284;-397.5719;2571.649;1.0; 194.1249;-887.3205;2660.2937;1.0; 
74.55931;834.7146;2528.6963;1.0; 77.797905;550.02673;2549.4038;1.0; -94.11835;547.79004;2563.4236;1.0; -146.83173;274.68762;2616.7966;1.0; -181.66501;-46.425343;2505.4521;1.0; 249.71416;552.2634;2535.3843;1.0; 399.72086;281.981;2554.9644;1.0; 706.38464;221.71667;2468.116;1.0; 80.82015;329.26352;2551.244;1.0; -26.623152;107.0631;2562.0923;1.0; -41.783745;-404.53674;2592.6692;1.0; -20.454836;-876.64087;2692.471;1.0; 194.30795;109.9375;2544.0754;1.0; 202.73877;-401.679;2570.5417;1.0; 192.71523;-886.81213;2657.1943;1.0; 
74.80086;834.3342;2528.3147;1.0; 78.31772;548.7883;2549.3928;1.0; -93.46202;546.20715;2561.3071;1.0; -147.21729;272.2819;2614.2085;1.0; -183.85355;-37.449406;2495.7883;1.0; 250.09746;551.36945;2537.4783;1.0; 407.05527;283.84378;2564.589;1.0; 709.72943;283.8149;2446.4626;1.0; 81.64759;328.32785;2549.6418;1.0; -25.226536;106.21148;2557.5344;1.0; -41.945988;-406.5149;2595.4995;1.0; -19.993832;-879.2401;2695.0723;1.0; 195.18146;109.52329;2542.2473;1.0; 203.0417;-396.71365;2565.9102;1.0; 192.34988;-880.1185;2648.0603;1.0; 
74.80086;834.3342;2528.3147;1.0; 78.31772;548.7883;2549.3928;1.0; -93.46202;546.20715;2561.3071;1.0; -147.21729;272.2819;2614.2085;1.0; -183.85355;-37.449406;2495.7883;1.0; 250.09746;551.36945;2537.4783;1.0; 407.05527;283.84378;2564.589;1.0; 709.72943;283.8149;2446.4626;1.0; 81.64759;328.32785;2549.6418;1.0; -25.226536;106.21148;2557.5344;1.0; -41.945988;-406.5149;2595.4995;1.0; -19.993832;-879.2401;2695.0723;1.0; 195.18146;109.52329;2542.2473;1.0; 203.0417;-396.71365;2565.9102;1.0; 192.34988;-880.1185;2648.0603;1.0; 
74.89638;833.8909;2527.607;1.0; 79.07083;548.5175;2549.565;1.0; -92.633575;546.0211;2561.842;1.0; -146.33446;270.45557;2614.0554;1.0; -184.79005;-41.46816;2517.693;1.0; 250.77524;551.014;2537.2878;1.0; 436.4232;291.1143;2555.0386;1.0; 697.98236;360.53043;2429.6667;1.0; 82.38366;327.64417;2550.985;1.0; -25.198193;105.158485;2560.3342;1.0; -41.270878;-406.92297;2595.2158;1.0; -20.19789;-879.4131;2694.6743;1.0; 196.59117;108.3831;2544.476;1.0; 203.10867;-399.2962;2566.4807;1.0; 190.74483;-880.63477;2650.1592;1.0; 
74.89638;833.8909;2527.607;1.0; 79.07083;548.5175;2549.565;1.0; -92.633575;546.0211;2561.842;1.0; -146.33446;270.45557;2614.0554;1.0; -184.79005;-41.46816;2517.693;1.0; 250.77524;551.014;2537.2878;1.0; 436.4232;291.1143;2555.0386;1.0; 697.98236;360.53043;2429.6667;1.0; 82.38366;327.64417;2550.985;1.0; -25.198193;105.158485;2560.3342;1.0; -41.270878;-406.92297;2595.2158;1.0; -20.19789;-879.4131;2694.6743;1.0; 196.59117;108.3831;2544.476;1.0; 203.10867;-399.2962;2566.4807;1.0; 190.74483;-880.63477;2650.1592;1.0; 
75.20555;833.5744;2527.4329;1.0; 79.038086;548.88477;2549.894;1.0; -92.49819;546.0624;2560.692;1.0; -145.57878;269.62537;2612.2502;1.0; -189.0691;-42.03781;2493.2024;1.0; 250.57437;551.7071;2539.096;1.0; 450.70535;300.48132;2552.0444;1.0; 669.1814;458.05054;2416.2935;1.0; 82.68761;329.21024;2550.4524;1.0; -25.24994;107.69975;2558.035;1.0; -41.110176;-409.09235;2594.8174;1.0; -20.118496;-881.7055;2694.49;1.0; 197.9242;111.37171;2543.9866;1.0; 203.0355;-397.94373;2566.4585;1.0; 189.78198;-876.5589;2649.2266;1.0; 
76.37398;832.64374;2527.0674;1.0; 79.48606;550.45557;2550.0962;1.0; -92.22788;547.78406;2562.674;1.0; -144.99817;268.73862;2613.9663;1.0; -178.69356;-44.537884;2505.9521;1.0; 251.2;553.1271;2537.5186;1.0; 447.16693;328.1263;2536.9663;1.0; 632.106;546.2403;2410.2913;1.0; 82.95794;329.71585;2550.6104;1.0; -25.291664;107.23801;2559.3079;1.0; -40.042747;-407.83905;2591.6462;1.0; -19.068409;-878.4763;2692.1816;1.0; 198.1513;110.714294;2542.941;1.0; 202.63257;-396.4763;2567.5513;1.0; 188.46686;-878.94073;2651.4824;1.0; 
77.03485;832.102;2526.5425;1.0; 85.140625;561.23126;2556.7832;1.0; -90.26305;560.5078;2564.3777;1.0; -144.2171;278.52383;2617.8157;1.0; -182.22844;-22.502453;2496.4412;1.0; 260.5443;561.9547;2549.1885;1.0; 445.4451;332.1973;2532.852;1.0; 561.9409;612.06323;2411.1865;1.0; 85.96261;335.6905;2554.283;1.0; -25.880867;109.68506;2556.661;1.0; -40.465473;-406.5453;2586.9058;1.0; -19.014433;-876.6193;2687.516;1.0; 199.45004;110.61443;2546.9048;1.0; 203.24316;-400.48233;2572.5054;1.0; 185.44826;-883.6759;2652.971;1.0; 
78.27806;829.9484;2525.4578;1.0; 85.41556;565.86694;2555.3447;1.0; -90.27939;565.3385;2562.5376;1.0; -144.42233;280.5922;2618.4482;1.0; -182.6394;-24.708826;2501.8367;1.0; 261.1105;566.39545;2548.1516;1.0; 432.9502;357.45865;2533.096;1.0; 492.74326;687.13995;2414.5405;1.0; 86.02346;338.55035;2553.492;1.0; -26.01402;110.89491;2556.251;1.0; -39.912636;-405.889;2585.2695;1.0; -17.502777;-874.4477;2687.366;1.0; 199.27675;111.57258;2547.0276;1.0; 202.84686;-400.05438;2572.9326;1.0; 185.86623;-884.87024;2656.261;1.0; 
79.09045;830.0144;2524.787;1.0; 85.46595;569.9567;2557.1611;1.0; -91.94456;569.4822;2569.5127;1.0; -145.30762;285.59985;2625.5164;1.0; -183.43468;-11.194562;2503.432;1.0; 262.87646;570.4313;2544.8093;1.0; 427.37192;367.96338;2530.9585;1.0; 423.17346;708.4607;2422.2175;1.0; 85.69192;350.90173;2551.9907;1.0; -30.927567;131.53418;2554.9553;1.0; -39.26995;-385.17346;2578.0298;1.0; -16.406218;-852.51483;2681.6067;1.0; 202.76334;132.15929;2538.6855;1.0; 202.15799;-419.64114;2578.5571;1.0; 182.5741;-907.4261;2659.7192;1.0; 
79.34212;830.44727;2523.9663;1.0; 88.563644;577.1813;2553.4905;1.0; -92.5303;578.00806;2569.5645;1.0; -146.43509;293.8636;2625.944;1.0; -174.87032;-9.318291;2490.869;1.0; 269.6576;576.35443;2537.4165;1.0; 421.20316;367.2035;2544.3582;1.0; 370.0345;710.3868;2448.0957;1.0; 87.12445;358.0879;2548.5457;1.0; -29.977129;139.5226;2553.8672;1.0; -39.65386;-377.72806;2578.092;1.0; -16.547213;-845.4803;2681.4844;1.0; 201.34764;138.46648;2533.3345;1.0; 201.51991;-414.78363;2574.2366;1.0; 184.10747;-914.6645;2659.7874;1.0; 
79.901794;830.8399;2524.5996;1.0; 88.65942;576.7645;2553.1477;1.0; -92.233345;577.56604;2568.4084;1.0; -146.96275;293.27304;2625.3093;1.0; -169.66127;-11.625898;2492.3416;1.0; 269.5522;575.963;2537.8867;1.0; 414.21225;367.16397;2549.925;1.0; 333.03528;702.0638;2451.129;1.0; 87.30565;354.58688;2548.77;1.0; -28.440199;132.9161;2554.043;1.0; -38.648247;-384.4423;2577.8843;1.0; -14.819033;-851.58527;2682.2988;1.0; 200.34396;131.9024;2534.7417;1.0; 201.50597;-413.94678;2575.8376;1.0; 183.99771;-909.61884;2659.4841;1.0; 
79.901794;830.8399;2524.5996;1.0; 88.65942;576.7645;2553.1477;1.0; -92.233345;577.56604;2568.4084;1.0; -146.96275;293.27304;2625.3093;1.0; -169.66127;-11.625898;2492.3416;1.0; 269.5522;575.963;2537.8867;1.0; 414.21225;367.16397;2549.925;1.0; 333.03528;702.0638;2451.129;1.0; 87.30565;354.58688;2548.77;1.0; -28.440199;132.9161;2554.043;1.0; -38.648247;-384.4423;2577.8843;1.0; -14.819033;-851.58527;2682.2988;1.0; 200.34396;131.9024;2534.7417;1.0; 201.50597;-413.94678;2575.8376;1.0; 183.99771;-909.61884;2659.4841;1.0; 
80.91499;830.7634;2524.588;1.0; 88.91736;579.84283;2549.7527;1.0; -92.64787;581.1248;2565.6875;1.0; -147.22089;294.35928;2621.4834;1.0; -168.02847;-5.0727262;2488.1677;1.0; 270.48257;578.56085;2533.818;1.0; 413.25467;360.71454;2549.6177;1.0; 332.0866;696.5381;2445.6597;1.0; 87.082115;356.23257;2546.8315;1.0; -26.948248;133.4145;2553.7568;1.0; -39.049248;-383.66266;2577.9653;1.0; -14.214117;-851.22015;2682.5054;1.0; 197.44199;131.83014;2534.0637;1.0; 201.7346;-416.34677;2576.1306;1.0; 182.67102;-912.2846;2657.8477;1.0; 
80.91499;830.7634;2524.588;1.0; 88.91736;579.84283;2549.7527;1.0; -92.64787;581.1248;2565.6875;1.0; -147.22089;294.35928;2621.4834;1.0; -168.02847;-5.0727262;2488.1677;1.0; 270.48257;578.56085;2533.818;1.0; 413.25467;360.71454;2549.6177;1.0; 332.0866;696.5381;2445.6597;1.0; 87.082115;356.23257;2546.8315;1.0; -26.948248;133.4145;2553.7568;1.0; -39.049248;-383.66266;2577.9653;1.0; -14.214117;-851.22015;2682.5054;1.0; 197.44199;131.83014;2534.0637;1.0; 201.7346;-416.34677;2576.1306;1.0; 182.67102;-912.2846;2657.8477;1.0; 
80.9944;831.3564;2524.054;1.0; 90.54284;584.3264;2546.0671;1.0; -92.29606;586.03125;2562.0833;1.0; -147.31378;297.88403;2618.9868;1.0; -169.55258;-0.054718204;2481.4224;1.0; 273.38174;582.6216;2530.051;1.0; 405.1499;348.7126;2551.6306;1.0; 358.66434;690.276;2430.7383;1.0; 88.33406;359.23502;2544.812;1.0; -25.540895;135.18483;2553.3384;1.0; -38.347576;-381.33563;2578.8206;1.0; -13.583035;-848.6786;2682.92;1.0; 197.79146;133.1024;2533.7754;1.0; 201.40834;-416.48312;2573.3135;1.0; 181.42671;-915.51984;2654.3218;1.0; 
80.9944;831.3564;2524.054;1.0; 90.54284;584.3264;2546.0671;1.0; -92.29606;586.03125;2562.0833;1.0; -147.31378;297.88403;2618.9868;1.0; -169.55258;-0.054718204;2481.4224;1.0; 273.38174;582.6216;2530.051;1.0; 405.1499;348.7126;2551.6306;1.0; 358.66434;690.276;2430.7383;1.0; 88.33406;359.23502;2544.812;1.0; -25.540895;135.18483;2553.3384;1.0; -38.347576;-381.33563;2578.8206;1.0; -13.583035;-848.6786;2682.92;1.0; 197.79146;133.1024;2533.7754;1.0; 201.40834;-416.48312;2573.3135;1.0; 181.42671;-915.51984;2654.3218;1.0; 
80.884476;831.92255;2523.597;1.0; 88.91473;585.8407;2546.599;1.0; -92.55869;586.8185;2561.0505;1.0; -151.28694;315.6348;2618.2898;1.0; -169.70369;-0.18178439;2487.3633;1.0; 270.38815;584.86285;2532.148;1.0; 398.0106;343.86008;2549.789;1.0; 406.74542;678.2486;2406.7473;1.0; 87.58659;360.4325;2545.1729;1.0; -25.066149;135.62415;2552.6116;1.0; -37.88787;-379.66394;2578.989;1.0; -12.944427;-847.7969;2681.7444;1.0; 197.58307;134.42447;2534.8813;1.0; 200.92996;-411.95316;2570.24;1.0; 179.17754;-912.7563;2649.05;1.0; 
80.884476;831.92255;2523.597;1.0; 88.91473;585.8407;2546.599;1.0; -92.55869;586.8185;2561.0505;1.0; -151.28694;315.6348;2618.2898;1.0; -169.70369;-0.18178439;2487.3633;1.0; 270.38815;584.86285;2532.148;1.0; 398.0106;343.86008;2549.789;1.0; 406.74542;678.2486;2406.7473;1.0; 87.58659;360.4325;2545.1729;1.0; -25.066149;135.62415;2552.6116;1.0; -37.88787;-379.66394;2578.989;1.0; -12.944427;-847.7969;2681.7444;1.0; 197.58307;134.42447;2534.8813;1.0; 200.92996;-411.95316;2570.24;1.0; 179.17754;-912.7563;2649.05;1.0; 
80.92416;832.62317;2523.5437;1.0; 87.09853;586.6099;2546.1514;1.0; -93.10215;586.9989;2560.2148;1.0; -148.87422;307.77817;2617.562;1.0; -173.20395;-7.245376;2487.0757;1.0; 267.29922;586.22095;2532.0881;1.0; 400.35413;346.19037;2547.6746;1.0; 457.86844;655.97125;2394.3772;1.0; 86.52111;360.59518;2545.0042;1.0; -24.408228;134.81866;2552.469;1.0; -37.0599;-380.17776;2578.7822;1.0; -11.715572;-849.4763;2681.72;1.0; 196.2956;134.34225;2535.2446;1.0; 200.54196;-409.37726;2569.34;1.0; 180.51338;-910.3355;2650.0115;1.0; 
81.03547;831.61383;2523.2278;1.0; 84.45092;585.369;2545.6555;1.0; -93.66526;585.1607;2561.9722;1.0; -148.3384;301.4837;2619.7273;1.0; -166.35703;0.42015934;2484.6714;1.0; 262.5671;585.57733;2529.339;1.0; 403.737;336.8917;2536.3171;1.0; 519.8189;610.58923;2368.3713;1.0; 84.499916;354.4123;2543.2417;1.0; -24.499512;123.32801;2550.8174;1.0; -37.219784;-391.08054;2576.3264;1.0; -11.153501;-861.3807;2679.1912;1.0; 193.59734;123.5831;2530.8384;1.0; 200.0906;-397.9441;2571.2686;1.0; 179.64406;-896.41254;2649.3313;1.0; 
80.28597;830.291;2522.24;1.0; 83.04918;583.28955;2545.36;1.0; -93.94596;582.48346;2562.084;1.0; -149.36197;294.93906;2619.9075;1.0; -172.67029;-8.18292;2493.7712;1.0; 260.04434;584.09564;2528.6362;1.0; 401.38663;336.90106;2537.9065;1.0; 575.1337;532.06244;2368.1147;1.0; 83.92066;351.4784;2543.41;1.0; -25.870592;119.16324;2551.916;1.0; -37.711716;-396.45914;2574.9702;1.0; -11.287037;-868.3612;2679.3684;1.0; 195.45488;120.17125;2531.0034;1.0; 200.57231;-392.18533;2571.6504;1.0; 179.87743;-887.75684;2649.1338;1.0; 
80.28597;830.291;2522.24;1.0; 83.04918;583.28955;2545.36;1.0; -93.94596;582.48346;2562.084;1.0; -149.36197;294.93906;2619.9075;1.0; -172.67029;-8.18292;2493.7712;1.0; 260.04434;584.09564;2528.6362;1.0; 401.38663;336.90106;2537.9065;1.0; 575.1337;532.06244;2368.1147;1.0; 83.92066;351.4784;2543.41;1.0; -25.870592;119.16324;2551.916;1.0; -37.711716;-396.45914;2574.9702;1.0; -11.287037;-868.3612;2679.3684;1.0; 195.45488;120.17125;2531.0034;1.0; 200.57231;-392.18533;2571.6504;1.0; 179.87743;-887.75684;2649.1338;1.0; 
80.61492;830.3947;2521.53;1.0; 82.65725;581.1068;2545.1216;1.0; -93.48742;580.36115;2560.9065;1.0; -155.0109;284.90033;2625.91;1.0; -173.0864;-9.52737;2492.207;1.0; 258.8019;581.8525;2529.3364;1.0; 406.8126;324.40332;2540.3328;1.0; 629.60406;472.67194;2370.802;1.0; 83.60586;349.2061;2544.7527;1.0; -28.33434;116.82749;2554.5002;1.0; -37.873173;-398.38718;2576.0051;1.0; -10.173644;-871.2361;2682.2917;1.0; 197.44328;117.78325;2534.2673;1.0; 201.02084;-392.15964;2569.1235;1.0; 180.19821;-885.7327;2647.5999;1.0; 
80.61492;830.3947;2521.53;1.0; 82.65725;581.1068;2545.1216;1.0; -93.48742;580.36115;2560.9065;1.0; -155.0109;284.90033;2625.91;1.0; -173.0864;-9.52737;2492.207;1.0; 258.8019;581.8525;2529.3364;1.0; 406.8126;324.40332;2540.3328;1.0; 629.60406;472.67194;2370.802;1.0; 83.60586;349.2061;2544.7527;1.0; -28.33434;116.82749;2554.5002;1.0; -37.873173;-398.38718;2576.0051;1.0; -10.173644;-871.2361;2682.2917;1.0; 197.44328;117.78325;2534.2673;1.0; 201.02084;-392.15964;2569.1235;1.0; 180.19821;-885.7327;2647.5999;1.0; 
80.13459;830.33386;2521.2874;1.0; 80.7838;573.59894;2545.3354;1.0; -92.5272;574.13403;2559.645;1.0; -151.42769;281.97473;2621.8442;1.0; -172.67831;-10.741469;2488.2825;1.0; 254.0948;573.0639;2531.026;1.0; 415.00333;310.76624;2544.651;1.0; 668.2946;403.7692;2379.212;1.0; 79.998604;350.59738;2544.1638;1.0; -37.927677;127.95744;2552.664;1.0; -37.871826;-393.8979;2577.819;1.0; -9.6977;-868.4924;2684.185;1.0; 196.35449;127.23416;2533.3203;1.0; 200.1539;-393.26352;2566.5854;1.0; 179.64667;-887.6777;2644.6313;1.0; 
80.13459;830.33386;2521.2874;1.0; 80.7838;573.59894;2545.3354;1.0; -92.5272;574.13403;2559.645;1.0; -151.42769;281.97473;2621.8442;1.0; -172.67831;-10.741469;2488.2825;1.0; 254.0948;573.0639;2531.026;1.0; 415.00333;310.76624;2544.651;1.0; 668.2946;403.7692;2379.212;1.0; 79.998604;350.59738;2544.1638;1.0; -37.927677;127.95744;2552.664;1.0; -37.871826;-393.8979;2577.819;1.0; -9.6977;-868.4924;2684.185;1.0; 196.35449;127.23416;2533.3203;1.0; 200.1539;-393.26352;2566.5854;1.0; 179.64667;-887.6777;2644.6313;1.0; 
79.16432;831.1413;2520.9219;1.0; 84.6321;556.9449;2547.8489;1.0; -92.72695;557.862;2560.7097;1.0; -149.27309;267.63672;2622.042;1.0; -179.01321;-21.810272;2487.4885;1.0; 261.99115;556.02783;2534.988;1.0; 426.9754;307.95535;2550.8533;1.0; 683.978;340.0102;2391.4585;1.0; 83.36438;340.5468;2545.7976;1.0; -33.477535;124.746346;2552.127;1.0; -38.022324;-394.1872;2576.735;1.0; -9.418711;-869.67926;2683.2695;1.0; 197.67084;123.5511;2535.3657;1.0; 199.66727;-392.93582;2566.6619;1.0; 180.47029;-886.8727;2644.5654;1.0; 
79.16432;831.1413;2520.9219;1.0; 84.6321;556.9449;2547.8489;1.0; -92.72695;557.862;2560.7097;1.0; -149.27309;267.63672;2622.042;1.0; -179.01321;-21.810272;2487.4885;1.0; 261.99115;556.02783;2534.988;1.0; 426.9754;307.95535;2550.8533;1.0; 683.978;340.0102;2391.4585;1.0; 83.36438;340.5468;2545.7976;1.0; -33.477535;124.746346;2552.127;1.0; -38.022324;-394.1872;2576.735;1.0; -9.418711;-869.67926;2683.2695;1.0; 197.67084;123.5511;2535.3657;1.0; 199.66727;-392.93582;2566.6619;1.0; 180.47029;-886.8727;2644.5654;1.0; 
78.95147;830.44116;2521.148;1.0; 83.921165;550.53424;2545.505;1.0; -92.63735;550.59454;2559.179;1.0; -148.64946;262.1619;2620.928;1.0; -184.24838;-43.710594;2499.6135;1.0; 260.47968;550.47394;2531.8306;1.0; 434.39536;304.53775;2555.9106;1.0; 690.64215;274.90353;2405.481;1.0; 83.777626;336.7674;2544.5938;1.0; -31.038174;123.039696;2552.564;1.0; -39.235928;-390.03085;2573.3313;1.0; -7.482583;-857.36993;2673.759;1.0; 198.30634;122.9614;2534.8015;1.0; 199.43518;-391.0779;2564.8992;1.0; 181.71805;-884.72095;2642.4666;1.0; 
78.95147;830.44116;2521.148;1.0; 83.921165;550.53424;2545.505;1.0; -92.63735;550.59454;2559.179;1.0; -148.64946;262.1619;2620.928;1.0; -184.24838;-43.710594;2499.6135;1.0; 260.47968;550.47394;2531.8306;1.0; 434.39536;304.53775;2555.9106;1.0; 690.64215;274.90353;2405.481;1.0; 83.777626;336.7674;2544.5938;1.0; -31.038174;123.039696;2552.564;1.0; -39.235928;-390.03085;2573.3313;1.0; -7.482583;-857.36993;2673.759;1.0; 198.30634;122.9614;2534.8015;1.0; 199.43518;-391.0779;2564.8992;1.0; 181.71805;-884.72095;2642.4666;1.0; 
78.412025;830.0182;2519.81;1.0; 81.811905;555.0391;2544.6245;1.0; -92.427666;554.4657;2559.0635;1.0; -149.70503;265.85236;2625.8938;1.0; -186.86244;-27.788448;2487.3481;1.0; 256.05148;555.61255;2530.1855;1.0; 431.29645;294.6946;2556.7043;1.0; 684.63837;207.89009;2410.8706;1.0; 82.49187;338.0685;2544.2134;1.0; -30.60015;120.72346;2553.2302;1.0; -39.25313;-392.29276;2574.1646;1.0; -9.377443;-865.25543;2678.7776;1.0; 196.94382;121.472305;2534.374;1.0; 199.12747;-389.44965;2563.9673;1.0; 181.5898;-883.9399;2643.0115;1.0; 
78.412025;830.0182;2519.81;1.0; 81.811905;555.0391;2544.6245;1.0; -92.427666;554.4657;2559.0635;1.0; -149.70503;265.85236;2625.8938;1.0; -186.86244;-27.788448;2487.3481;1.0; 256.05148;555.61255;2530.1855;1.0; 431.29645;294.6946;2556.7043;1.0; 684.63837;207.89009;2410.8706;1.0; 82.49187;338.0685;2544.2134;1.0; -30.60015;120.72346;2553.2302;1.0; -39.25313;-392.29276;2574.1646;1.0; -9.377443;-865.25543;2678.7776;1.0; 196.94382;121.472305;2534.374;1.0; 199.12747;-389.44965;2563.9673;1.0; 181.5898;-883.9399;2643.0115;1.0; 
77.77849;830.3287;2519.224;1.0; 80.77083;559.67126;2544.475;1.0; -93.080925;558.77435;2559.5154;1.0; -148.99051;269.8482;2622.1238;1.0; -185.22185;-19.019419;2492.4998;1.0; 254.62259;560.5682;2529.4346;1.0; 410.90854;287.63437;2549.7832;1.0; 677.9506;174.47992;2421.7524;1.0; 81.85606;341.47418;2544.007;1.0; -29.639626;122.69628;2553.2788;1.0; -39.097736;-392.19827;2576.2751;1.0; -10.288318;-866.0441;2680.6335;1.0; 195.52219;123.85793;2533.7996;1.0; 198.92616;-392.08783;2564.184;1.0; 181.75938;-886.88086;2643.8174;1.0; 
77.77849;830.3287;2519.224;1.0; 80.77083;559.67126;2544.475;1.0; -93.080925;558.77435;2559.5154;1.0; -148.99051;269.8482;2622.1238;1.0; -185.22185;-19.019419;2492.4998;1.0; 254.62259;560.5682;2529.4346;1.0; 410.90854;287.63437;2549.7832;1.0; 677.9506;174.47992;2421.7524;1.0; 81.85606;341.47418;2544.007;1.0; -29.639626;122.69628;2553.2788;1.0; -39.097736;-392.19827;2576.2751;1.0; -10.288318;-866.0441;2680.6335;1.0; 195.52219;123.85793;2533.7996;1.0; 198.92616;-392.08783;2564.184;1.0; 181.75938;-886.88086;2643.8174;1.0; 
77.35358;830.55304;2518.9614;1.0; 79.62929;560.93915;2543.68;1.0; -94.10147;559.96844;2558.9382;1.0; -148.10359;269.8199;2621.0671;1.0; -175.66525;-34.64722;2499.1729;1.0; 253.36005;561.90985;2528.4216;1.0; 415.6356;292.0213;2550.3867;1.0; 672.17114;163.28166;2439.484;1.0; 80.846146;340.9108;2543.5376;1.0; -30.506582;120.25349;2553.282;1.0; -40.081512;-396.11154;2576.6318;1.0; -11.043881;-869.8552;2681.0205;1.0; 194.6326;121.51141;2533.5085;1.0; 198.54143;-390.8032;2564.761;1.0; 188.18703;-887.2875;2653.2476;1.0; 
77.35358;830.55304;2518.9614;1.0; 79.62929;560.93915;2543.68;1.0; -94.10147;559.96844;2558.9382;1.0; -148.10359;269.8199;2621.0671;1.0; -175.66525;-34.64722;2499.1729;1.0; 253.36005;561.90985;2528.4216;1.0; 415.6356;292.0213;2550.3867;1.0; 672.17114;163.28166;2439.484;1.0; 80.846146;340.9108;2543.5376;1.0; -30.506582;120.25349;2553.282;1.0; -40.081512;-396.11154;2576.6318;1.0; -11.043881;-869.8552;2681.0205;1.0; 194.6326;121.51141;2533.5085;1.0; 198.54143;-390.8032;2564.761;1.0; 188.18703;-887.2875;2653.2476;1.0; 
76.79434;831.04834;2518.325;1.0; 79.6133;558.7654;2541.5815;1.0; -94.54089;558.3594;2557.7256;1.0; -147.38872;265.96014;2617.39;1.0; -175.65324;-49.218033;2508.8198;1.0; 253.76749;559.17145;2525.4377;1.0; 419.87668;293.8354;2550.9583;1.0; 685.283;170.84125;2439.4917;1.0; 80.17423;339.94598;2542.1292;1.0; -32.06362;120.86356;2553.133;1.0; -41.84969;-399.10693;2577.6572;1.0; -12.017718;-873.4587;2683.135;1.0; 193.53397;121.38956;2532.2202;1.0; 198.15297;-389.11185;2564.0996;1.0; 190.02843;-887.3756;2657.6982;1.0; 
76.59299;830.8558;2517.636;1.0; 82.43774;545.1829;2546.299;1.0; -95.74231;545.93616;2559.6287;1.0; -148.41154;252.72775;2617.1655;1.0; -183.97658;-56.149227;2509.5728;1.0; 260.6178;544.4297;2532.9695;1.0; 455.12372;289.6617;2532.7024;1.0; 715.2935;241.3041;2397.9475;1.0; 81.39162;332.2884;2544.346;1.0; -32.369946;119.87035;2550.825;1.0; -42.933983;-400.7379;2574.949;1.0; -12.348179;-876.20996;2680.9797;1.0; 193.06094;118.91736;2533.9604;1.0; 196.85751;-395.05844;2567.7637;1.0; 171.01611;-902.128;2660.9597;1.0; 
76.59299;830.8558;2517.636;1.0; 82.43774;545.1829;2546.299;1.0; -95.74231;545.93616;2559.6287;1.0; -148.41154;252.72775;2617.1655;1.0; -183.97658;-56.149227;2509.5728;1.0; 260.6178;544.4297;2532.9695;1.0; 455.12372;289.6617;2532.7024;1.0; 715.2935;241.3041;2397.9475;1.0; 81.39162;332.2884;2544.346;1.0; -32.369946;119.87035;2550.825;1.0; -42.933983;-400.7379;2574.949;1.0; -12.348179;-876.20996;2680.9797;1.0; 193.06094;118.91736;2533.9604;1.0; 196.85751;-395.05844;2567.7637;1.0; 171.01611;-902.128;2660.9597;1.0; 
76.66835;830.54816;2516.4988;1.0; 81.46584;549.2727;2544.4373;1.0; -94.64785;550.3812;2558.4868;1.0; -149.13396;258.59177;2615.331;1.0; -184.8812;-51.255596;2498.1223;1.0; 257.57953;548.1641;2530.3877;1.0; 470.6938;281.56693;2524.084;1.0; 733.8777;286.93594;2400.6533;1.0; 80.00909;333.5795;2543.1956;1.0; -34.720253;118.59932;2550.9902;1.0; -44.05681;-402.94553;2576.2603;1.0; -13.032535;-877.6027;2682.8608;1.0; 191.8249;117.17332;2532.9175;1.0; 196.84346;-397.17114;2568.687;1.0; 180.35442;-896.36145;2661.4062;1.0; 
77.006775;830.5723;2515.6465;1.0; 82.02745;549.5673;2543.8804;1.0; -93.55795;550.86005;2558.6138;1.0; -149.53438;261.13763;2614.3594;1.0; -185.02563;-48.067383;2498.8833;1.0; 257.61285;548.27466;2529.147;1.0; 476.2958;283.57324;2519.084;1.0; 719.1271;351.76825;2376.7197;1.0; 80.3415;332.22897;2542.8572;1.0; -34.330544;115.72242;2551.3147;1.0; -44.512897;-404.3726;2576.741;1.0; -13.723834;-882.8287;2686.198;1.0; 191.64165;114.05878;2532.3533;1.0; 196.46652;-398.45087;2569.114;1.0; 184.4918;-893.5881;2660.3752;1.0; 
77.006775;830.5723;2515.6465;1.0; 82.02745;549.5673;2543.8804;1.0; -93.55795;550.86005;2558.6138;1.0; -149.53438;261.13763;2614.3594;1.0; -185.02563;-48.067383;2498.8833;1.0; 257.61285;548.27466;2529.147;1.0; 476.2958;283.57324;2519.084;1.0; 719.1271;351.76825;2376.7197;1.0; 80.3415;332.22897;2542.8572;1.0; -34.330544;115.72242;2551.3147;1.0; -44.512897;-404.3726;2576.741;1.0; -13.723834;-882.8287;2686.198;1.0; 191.64165;114.05878;2532.3533;1.0; 196.46652;-398.45087;2569.114;1.0; 184.4918;-893.5881;2660.3752;1.0; 
76.67928;830.83026;2515.004;1.0; 82.86687;551.92316;2544.713;1.0; -92.02982;553.52155;2557.9158;1.0; -150.34479;262.7611;2614.1433;1.0; -183.5393;-36.728607;2489.9949;1.0; 257.76358;550.32477;2531.5098;1.0; 471.6024;314.83685;2522.7764;1.0; 692.7169;431.3495;2377.3308;1.0; 80.763535;333.158;2543.3345;1.0; -34.078945;115.423134;2550.4668;1.0; -44.743553;-404.65994;2575.9585;1.0; -13.42627;-881.69006;2685.0825;1.0; 191.39934;113.3625;2533.4456;1.0; 196.86272;-396.6892;2569.4246;1.0; 186.8856;-889.0959;2659.027;1.0; 
76.67928;830.83026;2515.004;1.0; 82.86687;551.92316;2544.713;1.0; -92.02982;553.52155;2557.9158;1.0; -150.34479;262.7611;2614.1433;1.0; -183.5393;-36.728607;2489.9949;1.0; 257.76358;550.32477;2531.5098;1.0; 471.6024;314.83685;2522.7764;1.0; 692.7169;431.3495;2377.3308;1.0; 80.763535;333.158;2543.3345;1.0; -34.078945;115.423134;2550.4668;1.0; -44.743553;-404.65994;2575.9585;1.0; -13.42627;-881.69006;2685.0825;1.0; 191.39934;113.3625;2533.4456;1.0; 196.86272;-396.6892;2569.4246;1.0; 186.8856;-889.0959;2659.027;1.0; 
75.90018;831.5596;2514.1704;1.0; 81.73246;568.90204;2546.6113;1.0; -91.472176;570.2259;2557.647;1.0; -149.51933;277.76288;2614.6133;1.0; -184.88359;-22.530664;2483.9163;1.0; 254.9371;567.57825;2535.5757;1.0; 464.6046;376.09647;2519.8706;1.0; 545.49817;674.53094;2380.1174;1.0; 79.840065;341.8695;2544.1448;1.0; -34.354008;115.69528;2548.8335;1.0; -44.272503;-404.31784;2573.7878;1.0; -13.647381;-880.51166;2682.7168;1.0; 190.24934;113.97861;2534.523;1.0; 197.2055;-396.44385;2571.093;1.0; 188.46068;-887.08374;2660.0564;1.0; 
76.61792;833.15845;2513.8506;1.0; 79.49354;577.3345;2547.1567;1.0; -92.11255;578.6685;2557.3435;1.0; -149.64465;286.51227;2615.2144;1.0; -181.02849;-8.433728;2472.5208;1.0; 251.09962;576.0004;2536.9702;1.0; 442.69095;374.8568;2529.612;1.0; 470.0073;698.55237;2399.3733;1.0; 77.51622;346.5155;2544.0745;1.0; -36.052174;116.564026;2547.6162;1.0; -43.619278;-403.3165;2572.288;1.0; -14.022049;-878.39795;2681.287;1.0; 187.12997;114.829056;2534.368;1.0; 197.42863;-396.07794;2571.2163;1.0; 188.43056;-885.1832;2658.9812;1.0; 
77.27005;834.88727;2511.604;1.0; 80.34011;579.5865;2547.861;1.0; -92.00305;581.73236;2557.471;1.0; -147.25938;297.12854;2615.9277;1.0; -180.71292;-6.1832213;2486.1316;1.0; 252.68327;577.44055;2538.2512;1.0; 433.8179;370.4648;2532.3823;1.0; 411.19507;714.96826;2424.2961;1.0; 77.32341;351.80173;2544.6248;1.0; -35.618366;125.38571;2547.5178;1.0; -42.217663;-394.9694;2571.5552;1.0; -12.325366;-869.10486;2680.2727;1.0; 184.23178;122.64828;2535.259;1.0; 196.72774;-403.27866;2571.2585;1.0; 188.48543;-891.8163;2658.6587;1.0; 
77.27005;834.88727;2511.604;1.0; 80.34011;579.5865;2547.861;1.0; -92.00305;581.73236;2557.471;1.0; -147.25938;297.12854;2615.9277;1.0; -180.71292;-6.1832213;2486.1316;1.0; 252.68327;577.44055;2538.2512;1.0; 433.8179;370.4648;2532.3823;1.0; 411.19507;714.96826;2424.2961;1.0; 77.32341;351.80173;2544.6248;1.0; -35.618366;125.38571;2547.5178;1.0; -42.217663;-394.9694;2571.5552;1.0; -12.325366;-869.10486;2680.2727;1.0; 184.23178;122.64828;2535.259;1.0; 196.72774;-403.27866;2571.2585;1.0; 188.48543;-891.8163;2658.6587;1.0; 
78.05423;834.8727;2511.4722;1.0; 81.83424;581.08795;2546.658;1.0; -91.807205;583.7975;2556.795;1.0; -145.7046;306.01532;2615.2754;1.0; -176.83266;-3.431914;2474.1506;1.0; 255.4757;578.3785;2536.521;1.0; 430.56793;369.45987;2533.2104;1.0; 360.5423;713.00885;2439.055;1.0; 78.14944;354.99753;2543.9702;1.0; -35.152348;130.61754;2547.682;1.0; -41.51248;-390.35718;2571.5085;1.0; -12.317377;-864.45404;2679.4993;1.0; 184.0816;127.19663;2534.8833;1.0; 196.19319;-406.35495;2570.8748;1.0; 188.44046;-895.5028;2658.831;1.0; 
78.05423;834.8727;2511.4722;1.0; 81.83424;581.08795;2546.658;1.0; -91.807205;583.7975;2556.795;1.0; -145.7046;306.01532;2615.2754;1.0; -176.83266;-3.431914;2474.1506;1.0; 255.4757;578.3785;2536.521;1.0; 430.56793;369.45987;2533.2104;1.0; 360.5423;713.00885;2439.055;1.0; 78.14944;354.99753;2543.9702;1.0; -35.152348;130.61754;2547.682;1.0; -41.51248;-390.35718;2571.5085;1.0; -12.317377;-864.45404;2679.4993;1.0; 184.0816;127.19663;2534.8833;1.0; 196.19319;-406.35495;2570.8748;1.0; 188.44046;-895.5028;2658.831;1.0; 
79.03565;834.66345;2511.7073;1.0; 82.93969;579.93854;2544.576;1.0; -89.93558;583.0736;2554.8616;1.0; -146.44855;304.47946;2614.5525;1.0; -171.90329;-4.2934074;2474.2927;1.0; 255.81496;576.8034;2534.2905;1.0; 427.15976;366.1985;2532.5203;1.0; 349.8357;694.98724;2452.297;1.0; 78.781296;355.56628;2543.0735;1.0; -35.730442;133.19531;2548.1367;1.0; -42.025364;-387.6748;2572.3057;1.0; -12.1620655;-862.94946;2679.5;1.0; 184.97624;129.1928;2535.0054;1.0; 196.52335;-399.84494;2570.1084;1.0; 190.08476;-889.2845;2659.7612;1.0; 
79.03565;834.66345;2511.7073;1.0; 82.93969;579.93854;2544.576;1.0; -89.93558;583.0736;2554.8616;1.0; -146.44855;304.47946;2614.5525;1.0; -171.90329;-4.2934074;2474.2927;1.0; 255.81496;576.8034;2534.2905;1.0; 427.15976;366.1985;2532.5203;1.0; 349.8357;694.98724;2452.297;1.0; 78.781296;355.56628;2543.0735;1.0; -35.730442;133.19531;2548.1367;1.0; -42.025364;-387.6748;2572.3057;1.0; -12.1620655;-862.94946;2679.5;1.0; 184.97624;129.1928;2535.0054;1.0; 196.52335;-399.84494;2570.1084;1.0; 190.08476;-889.2845;2659.7612;1.0; 
78.78939;834.4485;2511.7341;1.0; 82.28932;579.73114;2544.7092;1.0; -91.06815;582.66144;2556.7627;1.0; -146.32953;302.02588;2614.465;1.0; -171.59314;-8.613318;2476.0374;1.0; 255.6468;576.80084;2532.6558;1.0; 423.54437;364.18677;2531.6067;1.0; 356.4755;701.9658;2438.677;1.0; 78.382095;355.8719;2542.936;1.0; -36.72044;133.89218;2548.8943;1.0; -42.63013;-386.19412;2572.472;1.0; -12.067673;-861.3297;2679.879;1.0; 185.67017;130.13307;2533.4314;1.0; 197.08963;-394.91183;2569.0122;1.0; 189.58806;-883.4153;2659.4033;1.0; 
78.78939;834.4485;2511.7341;1.0; 82.28932;579.73114;2544.7092;1.0; -91.06815;582.66144;2556.7627;1.0; -146.32953;302.02588;2614.465;1.0; -171.59314;-8.613318;2476.0374;1.0; 255.6468;576.80084;2532.6558;1.0; 423.54437;364.18677;2531.6067;1.0; 356.4755;701.9658;2438.677;1.0; 78.382095;355.8719;2542.936;1.0; -36.72044;133.89218;2548.8943;1.0; -42.63013;-386.19412;2572.472;1.0; -12.067673;-861.3297;2679.879;1.0; 185.67017;130.13307;2533.4314;1.0; 197.08963;-394.91183;2569.0122;1.0; 189.58806;-883.4153;2659.4033;1.0; 
79.031364;834.60706;2512.076;1.0; 81.051186;588.5486;2540.8337;1.0; -93.90384;591.1224;2551.4766;1.0; -145.05426;292.047;2616.2195;1.0; -178.36215;-20.722252;2482.6013;1.0; 256.0062;585.97485;2530.1907;1.0; 417.09033;371.00583;2529.0474;1.0; 399.43713;705.24005;2409.7493;1.0; 77.687035;360.69864;2540.6326;1.0; -37.315083;134.491;2547.2227;1.0; -43.12118;-385.72318;2570.534;1.0; -12.373323;-861.07416;2678.2058;1.0; 185.96086;131.20638;2533.6401;1.0; 197.5297;-391.6051;2570.1038;1.0; 185.14644;-865.64996;2660.1465;1.0; 
79.031364;834.60706;2512.076;1.0; 81.051186;588.5486;2540.8337;1.0; -93.90384;591.1224;2551.4766;1.0; -145.05426;292.047;2616.2195;1.0; -178.36215;-20.722252;2482.6013;1.0; 256.0062;585.97485;2530.1907;1.0; 417.09033;371.00583;2529.0474;1.0; 399.43713;705.24005;2409.7493;1.0; 77.687035;360.69864;2540.6326;1.0; -37.315083;134.491;2547.2227;1.0; -43.12118;-385.72318;2570.534;1.0; -12.373323;-861.07416;2678.2058;1.0; 185.96086;131.20638;2533.6401;1.0; 197.5297;-391.6051;2570.1038;1.0; 185.14644;-865.64996;2660.1465;1.0; 
78.57877;835.1638;2512.6145;1.0; 82.2942;593.7723;2543.0535;1.0; -90.75717;596.85706;2555.1538;1.0; -143.49565;288.1441;2614.4016;1.0; -169.99551;-16.736938;2485.5771;1.0; 255.34555;590.68756;2530.9534;1.0; 415.1218;375.0115;2528.4216;1.0; 451.40707;686.59845;2390.143;1.0; 78.07366;363.91455;2541.2917;1.0; -38.085876;136.05217;2547.3572;1.0; -43.223232;-386.08307;2570.987;1.0; -12.039747;-862.18964;2678.972;1.0; 185.79213;132.06143;2531.703;1.0; 196.89868;-396.4956;2570.4663;1.0; 186.787;-869.8924;2659.6409;1.0; 
78.57877;835.1638;2512.6145;1.0; 82.2942;593.7723;2543.0535;1.0; -90.75717;596.85706;2555.1538;1.0; -143.49565;288.1441;2614.4016;1.0; -169.99551;-16.736938;2485.5771;1.0; 255.34555;590.68756;2530.9534;1.0; 415.1218;375.0115;2528.4216;1.0; 451.40707;686.59845;2390.143;1.0; 78.07366;363.91455;2541.2917;1.0; -38.085876;136.05217;2547.3572;1.0; -43.223232;-386.08307;2570.987;1.0; -12.039747;-862.18964;2678.972;1.0; 185.79213;132.06143;2531.703;1.0; 196.89868;-396.4956;2570.4663;1.0; 186.787;-869.8924;2659.6409;1.0; 
77.36095;834.3397;2512.405;1.0; 82.040565;587.70215;2545.4373;1.0; -89.837585;590.4215;2559.9849;1.0; -143.43977;293.92734;2613.5122;1.0; -175.19717;-16.458311;2483.8843;1.0; 253.91872;584.9827;2530.8896;1.0; 415.52222;369.3047;2526.834;1.0; 517.7553;647.0448;2368.0608;1.0; 78.1987;361.87106;2542.2612;1.0; -38.074635;137.81886;2548.6013;1.0; -43.056355;-386.317;2571.1108;1.0; -11.078673;-863.1529;2679.5686;1.0; 186.78831;134.26114;2529.569;1.0; 196.03572;-396.32065;2569.3914;1.0; 184.63007;-868.7627;2656.96;1.0; 
77.36095;834.3397;2512.405;1.0; 82.040565;587.70215;2545.4373;1.0; -89.837585;590.4215;2559.9849;1.0; -143.43977;293.92734;2613.5122;1.0; -175.19717;-16.458311;2483.8843;1.0; 253.91872;584.9827;2530.8896;1.0; 415.52222;369.3047;2526.834;1.0; 517.7553;647.0448;2368.0608;1.0; 78.1987;361.87106;2542.2612;1.0; -38.074635;137.81886;2548.6013;1.0; -43.056355;-386.317;2571.1108;1.0; -11.078673;-863.1529;2679.5686;1.0; 186.78831;134.26114;2529.569;1.0; 196.03572;-396.32065;2569.3914;1.0; 184.63007;-868.7627;2656.96;1.0; 
76.822105;834.22205;2511.577;1.0; 79.86952;582.1012;2544.9917;1.0; -91.209015;583.98755;2561.8645;1.0; -143.60786;293.1997;2614.8694;1.0; -174.68324;-9.367393;2487.1772;1.0; 250.94806;580.21484;2528.1191;1.0; 413.28415;364.02374;2524.799;1.0; 579.60474;552.3183;2365.1296;1.0; 76.990746;358.03885;2540.853;1.0; -38.050133;135.21326;2547.7764;1.0; -42.813595;-387.0179;2569.8005;1.0; -11.2965765;-864.05804;2677.505;1.0; 186.27408;132.73979;2525.652;1.0; 195.90108;-395.51404;2570.283;1.0; 184.82268;-868.77527;2655.488;1.0; 
76.822105;834.22205;2511.577;1.0; 79.86952;582.1012;2544.9917;1.0; -91.209015;583.98755;2561.8645;1.0; -143.60786;293.1997;2614.8694;1.0; -174.68324;-9.367393;2487.1772;1.0; 250.94806;580.21484;2528.1191;1.0; 413.28415;364.02374;2524.799;1.0; 579.60474;552.3183;2365.1296;1.0; 76.990746;358.03885;2540.853;1.0; -38.050133;135.21326;2547.7764;1.0; -42.813595;-387.0179;2569.8005;1.0; -11.2965765;-864.05804;2677.505;1.0; 186.27408;132.73979;2525.652;1.0; 195.90108;-395.51404;2570.283;1.0; 184.82268;-868.77527;2655.488;1.0; 
76.29534;835.72314;2511.6182;1.0; 80.69978;579.7374;2545.6895;1.0; -90.854294;581.97925;2561.9644;1.0; -143.91481;292.76807;2614.9844;1.0; -178.21869;-27.515795;2486.4817;1.0; 252.25386;577.49554;2529.4143;1.0; 416.62955;342.2121;2525.3445;1.0; 626.7946;472.72858;2356.5632;1.0; 77.42617;355.03113;2542.135;1.0; -37.997494;131.7904;2549.22;1.0; -42.79662;-389.54486;2569.7612;1.0; -11.495013;-866.249;2677.7124;1.0; 186.30261;128.8593;2527.9412;1.0; 195.85504;-393.40408;2569.997;1.0; 184.84349;-867.53143;2654.229;1.0; 
76.29534;835.72314;2511.6182;1.0; 80.69978;579.7374;2545.6895;1.0; -90.854294;581.97925;2561.9644;1.0; -143.91481;292.76807;2614.9844;1.0; -178.21869;-27.515795;2486.4817;1.0; 252.25386;577.49554;2529.4143;1.0; 416.62955;342.2121;2525.3445;1.0; 626.7946;472.72858;2356.5632;1.0; 77.42617;355.03113;2542.135;1.0; -37.997494;131.7904;2549.22;1.0; -42.79662;-389.54486;2569.7612;1.0; -11.495013;-866.249;2677.7124;1.0; 186.30261;128.8593;2527.9412;1.0; 195.85504;-393.40408;2569.997;1.0; 184.84349;-867.53143;2654.229;1.0; 
75.948586;835.7958;2511.713;1.0; 80.23203;576.42944;2545.5544;1.0; -91.11641;579.27545;2562.279;1.0; -143.08763;291.9092;2616.3743;1.0; -177.18018;-25.964987;2494.8535;1.0; 251.58047;573.5835;2528.83;1.0; 428.66486;310.79184;2524.903;1.0; 670.7357;381.08047;2364.4163;1.0; 76.167725;350.039;2542.4387;1.0; -38.798676;125.49054;2550.1475;1.0; -43.150917;-395.36536;2569.589;1.0; -11.952197;-871.8547;2677.8892;1.0; 183.00551;121.80653;2528.4983;1.0; 196.18855;-389.90994;2570.3481;1.0; 183.4801;-860.1701;2648.9553;1.0; 
75.948586;835.7958;2511.713;1.0; 80.23203;576.42944;2545.5544;1.0; -91.11641;579.27545;2562.279;1.0; -143.08763;291.9092;2616.3743;1.0; -177.18018;-25.964987;2494.8535;1.0; 251.58047;573.5835;2528.83;1.0; 428.66486;310.79184;2524.903;1.0; 670.7357;381.08047;2364.4163;1.0; 76.167725;350.039;2542.4387;1.0; -38.798676;125.49054;2550.1475;1.0; -43.150917;-395.36536;2569.589;1.0; -11.952197;-871.8547;2677.8892;1.0; 183.00551;121.80653;2528.4983;1.0; 196.18855;-389.90994;2570.3481;1.0; 183.4801;-860.1701;2648.9553;1.0; 
75.67469;835.3107;2511.9258;1.0; 80.46171;568.67444;2544.7793;1.0; -90.948685;571.868;2561.8796;1.0; -141.5815;285.89175;2619.5107;1.0; -180.2538;-25.44543;2492.3298;1.0; 251.8721;565.4809;2527.679;1.0; 434.88394;296.80463;2523.8496;1.0; 697.17633;293.99878;2378.0361;1.0; 76.06729;344.52536;2542.5913;1.0; -39.090336;122.4399;2551.4534;1.0; -43.52577;-397.56714;2570.684;1.0; -11.174484;-871.95605;2680.6792;1.0; 182.43608;118.31264;2529.3533;1.0; 196.4831;-391.51498;2570.5022;1.0; 185.72615;-885.4285;2638.5957;1.0; 
75.67469;835.3107;2511.9258;1.0; 80.46171;568.67444;2544.7793;1.0; -90.948685;571.868;2561.8796;1.0; -141.5815;285.89175;2619.5107;1.0; -180.2538;-25.44543;2492.3298;1.0; 251.8721;565.4809;2527.679;1.0; 434.88394;296.80463;2523.8496;1.0; 697.17633;293.99878;2378.0361;1.0; 76.06729;344.52536;2542.5913;1.0; -39.090336;122.4399;2551.4534;1.0; -43.52577;-397.56714;2570.684;1.0; -11.174484;-871.95605;2680.6792;1.0; 182.43608;118.31264;2529.3533;1.0; 196.4831;-391.51498;2570.5022;1.0; 185.72615;-885.4285;2638.5957;1.0; 
75.26132;835.7913;2511.771;1.0; 80.689316;570.9941;2545.053;1.0; -91.072815;573.9927;2562.021;1.0; -140.58594;289.3202;2621.6816;1.0; -182.08662;-23.530085;2492.085;1.0; 252.45145;567.9955;2528.085;1.0; 413.9805;286.2034;2526.0051;1.0; 692.4817;206.59097;2398.4832;1.0; 76.59812;346.85236;2543.2498;1.0; -38.888653;124.65536;2552.4512;1.0; -44.08277;-395.79648;2572.4731;1.0; -12.098758;-870.3183;2681.0034;1.0; 183.90251;120.765884;2530.4421;1.0; 195.87619;-394.47745;2570.3633;1.0; 186.0479;-887.8653;2638.5708;1.0; 
75.07661;836.29584;2511.6902;1.0; 78.84707;570.32983;2543.4863;1.0; -94.72571;572.3587;2560.4954;1.0; -140.75804;287.45438;2621.3904;1.0; -181.63383;-23.932684;2510.6384;1.0; 252.41985;568.30096;2526.4775;1.0; 404.8749;282.54828;2528.4507;1.0; 655.39325;109.20148;2454.0823;1.0; 76.17068;346.90347;2542.8254;1.0; -37.70904;124.77697;2553.0618;1.0; -43.568787;-395.8154;2573.8672;1.0; -12.550809;-870.02435;2681.5576;1.0; 184.69762;122.17727;2531.2673;1.0; 195.6269;-395.65085;2570.4966;1.0; 185.16895;-879.27734;2643.7634;1.0; 
75.79429;836.0123;2511.1624;1.0; 79.28665;565.16473;2542.7805;1.0; -96.09279;566.8178;2559.0347;1.0; -139.82213;281.862;2620.1267;1.0; -181.35497;-26.48711;2504.6577;1.0; 254.6661;563.5117;2526.5264;1.0; 409.47272;278.19156;2531.274;1.0; 645.0751;102.84265;2479.1436;1.0; 77.34161;342.07083;2544.4824;1.0; -36.626293;120.032776;2556.5667;1.0; -43.113377;-399.77866;2576.3984;1.0; -12.855074;-872.49304;2684.4407;1.0; 187.41943;117.92103;2535.8022;1.0; 197.28098;-399.34406;2570.21;1.0; 185.03186;-879.68225;2643.8345;1.0; 
76.29919;835.02655;2511.5613;1.0; 81.00096;563.48627;2541.4116;1.0; -94.41643;565.4917;2557.9397;1.0; -140.68773;280.06348;2617.9553;1.0; -182.33466;-31.809917;2507.9324;1.0; 256.41833;561.48083;2524.8838;1.0; 412.22653;275.78857;2531.6887;1.0; 649.49115;111.13182;2471.786;1.0; 78.69377;340.46027;2543.986;1.0; -35.912292;118.718124;2557.1414;1.0; -42.780724;-400.419;2576.8237;1.0; -12.786209;-872.8566;2684.5103;1.0; 188.68546;116.15041;2535.9795;1.0; 198.43524;-399.9706;2571.5205;1.0; 184.60303;-875.6298;2646.6587;1.0; 
76.32468;833.7171;2511.9182;1.0; 81.41642;561.91895;2540.801;1.0; -93.609245;563.72375;2556.9094;1.0; -141.1934;276.64938;2616.5364;1.0; -185.3575;-31.727852;2524.2146;1.0; 256.44208;560.11414;2524.6929;1.0; 408.43723;276.40903;2533.878;1.0; 661.5182;136.85133;2457.553;1.0; 79.44435;338.3265;2544.4255;1.0; -35.951893;115.90368;2558.4888;1.0; -43.035316;-402.10556;2577.821;1.0; -12.592771;-873.3598;2684.857;1.0; 190.89645;113.564476;2537.611;1.0; 198.35004;-396.37177;2570.755;1.0; 185.00616;-871.00665;2648.5645;1.0; 
77.51336;832.8792;2511.6523;1.0; 81.26436;559.52795;2538.8948;1.0; -93.45774;561.31134;2553.5168;1.0; -142.2178;275.75888;2616.3088;1.0; -184.74246;-29.863686;2506.0603;1.0; 255.98645;557.74457;2524.273;1.0; 411.7615;276.4723;2533.017;1.0; 682.1763;182.38556;2445.357;1.0; 79.44762;335.78595;2544.475;1.0; -36.369938;113.20753;2559.5957;1.0; -43.646866;-403.3242;2578.2388;1.0; -12.260147;-873.36743;2684.3884;1.0; 191.6317;110.880325;2540.515;1.0; 198.588;-395.07;2571.3745;1.0; 184.62767;-869.2943;2649.9387;1.0; 
77.51336;832.8792;2511.6523;1.0; 81.26436;559.52795;2538.8948;1.0; -93.45774;561.31134;2553.5168;1.0; -142.2178;275.75888;2616.3088;1.0; -184.74246;-29.863686;2506.0603;1.0; 255.98645;557.74457;2524.273;1.0; 411.7615;276.4723;2533.017;1.0; 682.1763;182.38556;2445.357;1.0; 79.44762;335.78595;2544.475;1.0; -36.369938;113.20753;2559.5957;1.0; -43.646866;-403.3242;2578.2388;1.0; -12.260147;-873.36743;2684.3884;1.0; 191.6317;110.880325;2540.515;1.0; 198.588;-395.07;2571.3745;1.0; 184.62767;-869.2943;2649.9387;1.0; 
78.35385;832.17505;2511.9128;1.0; 79.166855;555.3225;2540.628;1.0; -93.73328;556.64935;2554.147;1.0; -142.62962;269.5261;2616.5408;1.0; -176.33507;-50.513756;2486.9902;1.0; 252.06699;553.9956;2527.1086;1.0; 421.21994;289.40115;2534.0435;1.0; 703.4031;320.33972;2407.526;1.0; 77.823944;333.17917;2545.2556;1.0; -37.527218;111.91077;2558.7979;1.0; -43.907375;-402.8474;2577.7134;1.0; -10.121053;-862.9278;2684.0222;1.0; 190.48929;110.16094;2540.969;1.0; 198.53902;-394.56448;2572.2659;1.0; 183.76096;-867.6779;2650.317;1.0; 
78.35385;832.17505;2511.9128;1.0; 79.166855;555.3225;2540.628;1.0; -93.73328;556.64935;2554.147;1.0; -142.62962;269.5261;2616.5408;1.0; -176.33507;-50.513756;2486.9902;1.0; 252.06699;553.9956;2527.1086;1.0; 421.21994;289.40115;2534.0435;1.0; 703.4031;320.33972;2407.526;1.0; 77.823944;333.17917;2545.2556;1.0; -37.527218;111.91077;2558.7979;1.0; -43.907375;-402.8474;2577.7134;1.0; -10.121053;-862.9278;2684.0222;1.0; 190.48929;110.16094;2540.969;1.0; 198.53902;-394.56448;2572.2659;1.0; 183.76096;-867.6779;2650.317;1.0; 
78.8078;831.8486;2512.3052;1.0; 79.60426;556.37286;2540.443;1.0; -93.430565;558.1369;2555.0396;1.0; -141.80632;271.8385;2617.3303;1.0; -178.30164;-24.944937;2491.166;1.0; 252.63908;554.6089;2525.847;1.0; 429.07312;300.6424;2533.0737;1.0; 701.7281;401.03598;2401.7117;1.0; 77.81224;332.53946;2546.2507;1.0; -38.5107;109.873634;2561.7195;1.0; -43.619633;-401.0036;2577.0469;1.0; -10.716756;-864.66656;2683.6753;1.0; 190.55113;107.53842;2542.397;1.0; 198.37152;-396.28302;2573.0894;1.0; 183.19173;-868.4392;2651.818;1.0; 
78.8078;831.8486;2512.3052;1.0; 79.60426;556.37286;2540.443;1.0; -93.430565;558.1369;2555.0396;1.0; -141.80632;271.8385;2617.3303;1.0; -178.30164;-24.944937;2491.166;1.0; 252.63908;554.6089;2525.847;1.0; 429.07312;300.6424;2533.0737;1.0; 701.7281;401.03598;2401.7117;1.0; 77.81224;332.53946;2546.2507;1.0; -38.5107;109.873634;2561.7195;1.0; -43.619633;-401.0036;2577.0469;1.0; -10.716756;-864.66656;2683.6753;1.0; 190.55113;107.53842;2542.397;1.0; 198.37152;-396.28302;2573.0894;1.0; 183.19173;-868.4392;2651.818;1.0; 
78.969475;829.9998;2512.7202;1.0; 80.04154;555.4916;2541.6018;1.0; -93.05985;557.471;2556.3364;1.0; -140.62595;273.55588;2617.7236;1.0; -173.48032;-30.461632;2487.1628;1.0; 253.14294;553.5122;2526.8672;1.0; 439.9726;312.95004;2528.6216;1.0; 673.4853;490.46887;2389.0474;1.0; 77.93139;331.77924;2546.8645;1.0; -38.497234;109.37408;2561.8582;1.0; -44.054485;-401.1835;2577.7417;1.0; -12.541531;-867.60974;2686.6943;1.0; 190.1397;106.75966;2542.3962;1.0; 197.6493;-395.83447;2572.8984;1.0; 183.27931;-867.75684;2652.4683;1.0; 
79.384346;829.36914;2512.96;1.0; 80.391495;553.7792;2543.0269;1.0; -93.19341;555.6229;2558.0469;1.0; -140.07687;273.58337;2617.0442;1.0; -170.35347;-28.28907;2487.7285;1.0; 253.9764;551.9354;2528.0068;1.0; 447.62146;332.7726;2525.7537;1.0; 625.2051;577.11945;2395.5896;1.0; 78.41461;330.16364;2547.63;1.0; -36.593914;107.74867;2562.0134;1.0; -43.463142;-400.7411;2579.0725;1.0; -19.527918;-885.3678;2698.7588;1.0; 189.46938;105.3475;2542.4524;1.0; 197.31754;-396.24695;2572.2312;1.0; 183.57545;-867.82263;2652.6821;1.0; 
79.132545;829.269;2512.2295;1.0; 79.641205;555.05206;2543.646;1.0; -94.428635;556.165;2557.8853;1.0; -139.08138;274.96048;2616.1064;1.0; -174.76805;-19.153702;2468.7046;1.0; 253.71106;553.9392;2529.407;1.0; 448.86722;354.99344;2528.3335;1.0; 570.50714;654.98444;2395.0674;1.0; 78.56443;330.41425;2548.0396;1.0; -34.43513;106.49194;2561.5884;1.0; -42.907787;-401.28363;2581.3237;1.0; -16.528406;-879.6392;2698.1528;1.0; 189.41043;105.06085;2543.2776;1.0; 197.1174;-396.40088;2571.1414;1.0; 184.34541;-865.27045;2653.8684;1.0; 
79.013695;829.4107;2511.784;1.0; 79.247574;562.72876;2544.1863;1.0; -94.494446;563.6751;2558.745;1.0; -138.75752;282.1636;2617.2017;1.0; -170.99783;-28.69224;2485.8647;1.0; 252.9896;561.7824;2529.6272;1.0; 435.47827;380.2131;2529.8826;1.0; 498.50186;692.3155;2410.3403;1.0; 78.32971;335.72037;2547.9885;1.0; -34.231373;109.32007;2561.1462;1.0; -42.61302;-399.96228;2582.2705;1.0; -16.359768;-873.5197;2697.0464;1.0; 189.05508;108.10387;2542.4355;1.0; 196.25224;-396.81766;2571.0217;1.0; 183.6715;-866.2272;2653.336;1.0; 
78.86653;829.62506;2511.4312;1.0; 79.18592;566.5826;2545.9734;1.0; -94.14242;567.54285;2560.4858;1.0; -138.80052;287.1062;2618.7554;1.0; -169.98239;-19.53688;2483.8252;1.0; 252.51425;565.6223;2531.4607;1.0; 434.85272;379.67996;2528.1824;1.0; 435.6685;711.0526;2425.365;1.0; 78.17917;338.4118;2549.047;1.0; -34.76648;110.86119;2561.4934;1.0; -41.842953;-396.55325;2581.1953;1.0; -18.141682;-868.00543;2697.476;1.0; 189.11131;109.620865;2542.7485;1.0; 195.66785;-395.7743;2571.708;1.0; 183.69765;-862.0967;2655.0415;1.0; 
78.86653;829.62506;2511.4312;1.0; 79.18592;566.5826;2545.9734;1.0; -94.14242;567.54285;2560.4858;1.0; -138.80052;287.1062;2618.7554;1.0; -169.98239;-19.53688;2483.8252;1.0; 252.51425;565.6223;2531.4607;1.0; 434.85272;379.67996;2528.1824;1.0; 435.6685;711.0526;2425.365;1.0; 78.17917;338.4118;2549.047;1.0; -34.76648;110.86119;2561.4934;1.0; -41.842953;-396.55325;2581.1953;1.0; -18.141682;-868.00543;2697.476;1.0; 189.11131;109.620865;2542.7485;1.0; 195.66785;-395.7743;2571.708;1.0; 183.69765;-862.0967;2655.0415;1.0; 
79.81799;829.776;2510.4666;1.0; 79.90839;572.0415;2547.4194;1.0; -93.92988;572.97766;2560.968;1.0; -139.5778;295.2885;2619.3604;1.0; -170.75056;-8.117185;2481.1008;1.0; 253.74666;571.10535;2533.8706;1.0; 426.93927;374.5163;2530.6213;1.0; 378.1929;713.0116;2446.1572;1.0; 78.914085;342.6018;2550.5151;1.0; -33.203686;113.76052;2562.2717;1.0; -40.635307;-390.72815;2580.8398;1.0; -16.92861;-861.62335;2695.2656;1.0; 189.04324;112.56368;2544.9502;1.0; 195.5207;-399.47165;2571.8057;1.0; 183.10835;-866.5295;2656.774;1.0; 
79.81799;829.776;2510.4666;1.0; 79.90839;572.0415;2547.4194;1.0; -93.92988;572.97766;2560.968;1.0; -139.5778;295.2885;2619.3604;1.0; -170.75056;-8.117185;2481.1008;1.0; 253.74666;571.10535;2533.8706;1.0; 426.93927;374.5163;2530.6213;1.0; 378.1929;713.0116;2446.1572;1.0; 78.914085;342.6018;2550.5151;1.0; -33.203686;113.76052;2562.2717;1.0; -40.635307;-390.72815;2580.8398;1.0; -16.92861;-861.62335;2695.2656;1.0; 189.04324;112.56368;2544.9502;1.0; 195.5207;-399.47165;2571.8057;1.0; 183.10835;-866.5295;2656.774;1.0; 
80.35841;829.9736;2510.1182;1.0; 80.57587;575.2172;2547.8657;1.0; -94.166954;576.36127;2561.6436;1.0; -140.91074;295.9228;2618.5708;1.0; -169.51418;-6.487523;2476.039;1.0; 255.31868;574.0732;2534.0881;1.0; 426.29077;370.0575;2531.973;1.0; 341.90472;700.52814;2458.178;1.0; 79.27153;343.68335;2550.549;1.0; -33.7066;112.88062;2562.0374;1.0; -40.01616;-390.26044;2581.206;1.0; -16.203957;-859.28467;2695.6782;1.0; 189.64099;111.41833;2544.4272;1.0; 195.48845;-396.41556;2570.4365;1.0; 183.10236;-867.30774;2654.3562;1.0; 
80.35841;829.9736;2510.1182;1.0; 80.57587;575.2172;2547.8657;1.0; -94.166954;576.36127;2561.6436;1.0; -140.91074;295.9228;2618.5708;1.0; -169.51418;-6.487523;2476.039;1.0; 255.31868;574.0732;2534.0881;1.0; 426.29077;370.0575;2531.973;1.0; 341.90472;700.52814;2458.178;1.0; 79.27153;343.68335;2550.549;1.0; -33.7066;112.88062;2562.0374;1.0; -40.01616;-390.26044;2581.206;1.0; -16.203957;-859.28467;2695.6782;1.0; 189.64099;111.41833;2544.4272;1.0; 195.48845;-396.41556;2570.4365;1.0; 183.10236;-867.30774;2654.3562;1.0; 
81.491295;829.4838;2509.6575;1.0; 82.1895;573.0821;2547.0327;1.0; -92.89175;574.9476;2561.2715;1.0; -141.1791;294.49216;2618.8303;1.0; -164.97058;-14.969649;2478.4417;1.0; 257.27075;571.2166;2532.794;1.0; 419.62878;366.9123;2531.5276;1.0; 332.6589;689.93317;2451.733;1.0; 79.970604;342.24188;2549.9922;1.0; -33.884327;112.59113;2562.0308;1.0; -39.36022;-389.12045;2582.1409;1.0; -15.643625;-846.67725;2690.998;1.0; 189.38774;110.2122;2543.8726;1.0; 195.81052;-396.27704;2569.146;1.0; 183.1879;-866.1804;2651.4587;1.0; 
81.491295;829.4838;2509.6575;1.0; 82.1895;573.0821;2547.0327;1.0; -92.89175;574.9476;2561.2715;1.0; -141.1791;294.49216;2618.8303;1.0; -164.97058;-14.969649;2478.4417;1.0; 257.27075;571.2166;2532.794;1.0; 419.62878;366.9123;2531.5276;1.0; 332.6589;689.93317;2451.733;1.0; 79.970604;342.24188;2549.9922;1.0; -33.884327;112.59113;2562.0308;1.0; -39.36022;-389.12045;2582.1409;1.0; -15.643625;-846.67725;2690.998;1.0; 189.38774;110.2122;2543.8726;1.0; 195.81052;-396.27704;2569.146;1.0; 183.1879;-866.1804;2651.4587;1.0; 
83.428734;817.0389;2526.624;0.0; 82.48052;576.5361;2546.7063;1.0; -101.33335;578.6787;2562.011;1.0; -142.34712;273.75143;2612.2012;0.5; -163.09508;-14.791689;2496.0364;0.5; 266.2944;574.39343;2531.4016;1.0; 380.23285;554.8962;2483.7344;1.0; 336.74792;716.4066;2443.8372;1.0; 79.992294;341.9384;2549.6655;1.0; -33.099068;108.62998;2561.8337;1.0; -40.39251;-377.2948;2611.2756;1.0; -24.798475;-835.83514;2658.5032;1.0; 188.1072;106.051476;2543.4158;1.0; 190.7828;-381.24387;2601.3232;1.0; 194.56656;-850.59357;2614.7239;1.0; 
75.02961;822.71716;2513.7769;1.0; 104.43417;553.8602;2540.562;1.0; -81.649;573.2119;2557.4475;1.0; -114.13644;265.83917;2598.0479;0.5; -133.73466;-27.059242;2493.1277;0.5; 290.51736;534.5086;2523.6763;1.0; 538.85443;405.28864;2386.5168;0.5; 510.99762;677.8303;2237.7659;0.5; 80.64697;319.6333;2546.8562;1.0; -49.333523;96.44989;2562.7866;1.0; -56.90522;-381.07697;2629.859;1.0; -47.502987;-839.61365;2641.3074;1.0; 163.05305;74.36279;2543.5144;1.0; 172.58363;-394.48373;2613.3274;1.0; 182.87976;-860.76086;2595.612;1.0; 
75.02961;822.71716;2513.7769;1.0; 104.43417;553.8602;2540.562;1.0; -81.649;573.2119;2557.4475;1.0; -114.13644;265.83917;2598.0479;0.5; -133.73466;-27.059242;2493.1277;0.5; 290.51736;534.5086;2523.6763;1.0; 538.85443;405.28864;2386.5168;0.5; 510.99762;677.8303;2237.7659;0.5; 80.64697;319.6333;2546.8562;1.0; -49.333523;96.44989;2562.7866;1.0; -56.90522;-381.07697;2629.859;1.0; -47.502987;-839.61365;2641.3074;1.0; 163.05305;74.36279;2543.5144;1.0; 172.58363;-394.48373;2613.3274;1.0; 182.87976;-860.76086;2595.612;1.0; 
71.69378;818.9168;2508.5708;1.0; 88.36181;568.9648;2539.8984;1.0; -101.59868;579.136;2548.0112;1.0; -127.36773;270.19394;2580.7617;0.5; -145.74852;-26.25015;2486.0786;0.5; 278.3223;558.79364;2531.7856;1.0; 398.67548;500.45316;2459.9922;0.5; 388.94498;680.32117;2382.5923;0.5; 76.338356;333.1671;2553.9941;1.0; -46.86979;103.32265;2572.8384;1.0; -34.447308;-369.99744;2645.7446;1.0; -29.692478;-818.6138;2643.3872;1.0; 175.49959;91.41619;2563.3416;1.0; 194.6816;-391.12997;2630.0203;1.0; 210.10173;-831.0224;2594.5256;1.0; 
71.69378;818.9168;2508.5708;1.0; 88.36181;568.9648;2539.8984;1.0; -101.59868;579.136;2548.0112;1.0; -127.36773;270.19394;2580.7617;0.5; -145.74852;-26.25015;2486.0786;0.5; 278.3223;558.79364;2531.7856;1.0; 398.67548;500.45316;2459.9922;0.5; 388.94498;680.32117;2382.5923;0.5; 76.338356;333.1671;2553.9941;1.0; -46.86979;103.32265;2572.8384;1.0; -34.447308;-369.99744;2645.7446;1.0; -29.692478;-818.6138;2643.3872;1.0; 175.49959;91.41619;2563.3416;1.0; 194.6816;-391.12997;2630.0203;1.0; 210.10173;-831.0224;2594.5256;1.0; 
69.60617;815.6879;2505.7104;1.0; 79.69649;575.0306;2539.3877;1.0; -112.16741;580.37775;2543.5508;1.0; -132.63431;270.42966;2569.9155;0.5; -149.7729;-28.898153;2484.5283;0.5; 271.5604;569.68335;2535.2246;1.0; 427.25473;486.47137;2449.7278;0.5; 427.31152;718.45996;2355.9927;0.5; 73.49559;338.4499;2557.4788;1.0; -43.28647;104.95108;2577.9692;1.0; -36.29143;-368.4436;2642.451;1.0; -34.44233;-823.8123;2635.0586;1.0; 177.87585;98.787346;2573.1704;1.0; 189.29321;-378.25375;2641.7183;1.0; 208.40723;-832.01996;2583.7427;1.0; 
69.60617;815.6879;2505.7104;1.0; 79.69649;575.0306;2539.3877;1.0; -112.16741;580.37775;2543.5508;1.0; -132.63431;270.42966;2569.9155;0.5; -149.7729;-28.898153;2484.5283;0.5; 271.5604;569.68335;2535.2246;1.0; 427.25473;486.47137;2449.7278;0.5; 427.31152;718.45996;2355.9927;0.5; 73.49559;338.4499;2557.4788;1.0; -43.28647;104.95108;2577.9692;1.0; -36.29143;-368.4436;2642.451;1.0; -34.44233;-823.8123;2635.0586;1.0; 177.87585;98.787346;2573.1704;1.0; 189.29321;-378.25375;2641.7183;1.0; 208.40723;-832.01996;2583.7427;1.0; 
67.75127;814.2083;2503.72;1.0; 74.87521;578.93884;2538.769;1.0; -117.92674;581.5157;2541.3816;1.0; -134.20175;270.92297;2562.5742;0.5; -150.1049;-30.748348;2485.611;0.5; 267.67715;576.362;2536.1565;1.0; 454.64706;459.77682;2444.659;0.5; 477.9533;713.58673;2338.906;0.5; 71.99142;342.03882;2559.6138;1.0; -41.191498;106.61297;2581.9531;1.0; -37.684658;-366.5387;2644.5076;1.0; -35.871075;-823.5652;2630.8264;1.0; 179.40674;103.664604;2578.9639;1.0; 190.66292;-372.18704;2634.9802;1.0; 208.04517;-828.3267;2580.7097;1.0; 
65.695915;811.65955;2493.7144;1.0; 72.01223;579.81146;2535.7727;1.0; -121.253815;580.8257;2537.6108;1.0; -134.20894;269.82013;2554.6272;0.5; -148.90598;-33.75457;2485.2856;0.5; 265.2783;578.7972;2533.9346;1.0; 470.14514;430.16714;2446.2952;0.5; 530.0659;681.1313;2327.6672;0.5; 71.0166;343.17444;2561.665;1.0; -40.139774;107.115555;2588.605;1.0; -37.529385;-366.6528;2643.725;1.0; -37.92149;-824.6134;2632.0405;1.0; 180.18172;105.959305;2586.5098;1.0; 187.4746;-368.40717;2644.8918;1.0; 208.0349;-833.3102;2581.4956;1.0; 
65.695915;811.65955;2493.7144;1.0; 72.01223;579.81146;2535.7727;1.0; -121.253815;580.8257;2537.6108;1.0; -134.20894;269.82013;2554.6272;0.5; -148.90598;-33.75457;2485.2856;0.5; 265.2783;578.7972;2533.9346;1.0; 470.14514;430.16714;2446.2952;0.5; 530.0659;681.1313;2327.6672;0.5; 71.0166;343.17444;2561.665;1.0; -40.139774;107.115555;2588.605;1.0; -37.529385;-366.6528;2643.725;1.0; -37.92149;-824.6134;2632.0405;1.0; 180.18172;105.959305;2586.5098;1.0; 187.4746;-368.40717;2644.8918;1.0; 208.0349;-833.3102;2581.4956;1.0; 
66.36057;811.6336;2490.199;1.0; 71.58503;581.0774;2534.7314;1.0; -121.89767;581.5284;2537.4001;1.0; -132.2193;270.2585;2551.0518;0.5; -145.7553;-34.86123;2488.5972;0.5; 265.06772;580.62646;2532.0627;1.0; 480.2122;401.72037;2452.273;0.5; 586.7793;631.10394;2320.3684;0.5; 71.41472;344.47296;2562.3672;1.0; -38.83958;108.12509;2591.5212;1.0; -36.565754;-365.6653;2645.6147;1.0; -37.675594;-825.04767;2625.5906;1.0; 181.3284;107.61192;2588.4846;1.0; 190.21222;-366.60315;2642.5344;1.0; 207.78616;-831.15564;2576.4504;1.0; 
66.36057;811.6336;2490.199;1.0; 71.58503;581.0774;2534.7314;1.0; -121.89767;581.5284;2537.4001;1.0; -132.2193;270.2585;2551.0518;0.5; -145.7553;-34.86123;2488.5972;0.5; 265.06772;580.62646;2532.0627;1.0; 480.2122;401.72037;2452.273;0.5; 586.7793;631.10394;2320.3684;0.5; 71.41472;344.47296;2562.3672;1.0; -38.83958;108.12509;2591.5212;1.0; -36.565754;-365.6653;2645.6147;1.0; -37.675594;-825.04767;2625.5906;1.0; 181.3284;107.61192;2588.4846;1.0; 190.21222;-366.60315;2642.5344;1.0; 207.78616;-831.15564;2576.4504;1.0; 
66.52013;809.84534;2487.9407;1.0; 71.435905;580.6935;2534.2163;1.0; -122.16158;580.7748;2536.857;1.0; -130.39125;269.3357;2547.8025;0.5; -142.8218;-37.03768;2491.565;0.5; 265.0334;580.61224;2531.5757;1.0; 482.46744;376.7634;2461.9917;0.5; 639.13354;567.51117;2320.3462;0.5; 71.729515;344.1433;2563.023;1.0; -38.02513;107.63933;2593.3306;1.0; -37.101456;-366.69083;2641.687;1.0; -35.67628;-819.51666;2624.6484;1.0; 182.07138;107.54693;2590.3286;1.0; 190.2218;-366.71957;2641.258;1.0; 206.55923;-828.96704;2578.0845;1.0; 
66.52013;809.84534;2487.9407;1.0; 71.435905;580.6935;2534.2163;1.0; -122.16158;580.7748;2536.857;1.0; -130.39125;269.3357;2547.8025;0.5; -142.8218;-37.03768;2491.565;0.5; 265.0334;580.61224;2531.5757;1.0; 482.46744;376.7634;2461.9917;0.5; 639.13354;567.51117;2320.3462;0.5; 71.729515;344.1433;2563.023;1.0; -38.02513;107.63933;2593.3306;1.0; -37.101456;-366.69083;2641.687;1.0; -35.67628;-819.51666;2624.6484;1.0; 182.07138;107.54693;2590.3286;1.0; 190.2218;-366.71957;2641.258;1.0; 206.55923;-828.96704;2578.0845;1.0; 
65.21895;813.7379;2494.8142;1.0; 70.02351;582.57587;2536.5574;1.0; -123.633575;582.5299;2539.0054;1.0; -130.19933;270.98245;2547.7769;0.5; -141.58636;-36.407852;2497.147;0.5; 263.6806;582.6218;2534.1094;1.0; 460.4653;325.07318;2500.649;1.0; 718.4337;314.47742;2373.8137;1.0; 70.40369;345.63605;2562.1848;1.0; -39.249413;108.670135;2589.2031;1.0; -40.177666;-366.16373;2631.852;1.0; -37.966515;-818.985;2620.2947;1.0; 180.81714;108.72235;2586.4211;1.0; 189.36499;-365.78827;2633.3684;1.0; 205.6538;-831.7744;2570.2166;1.0; 
65.76491;812.0682;2490.2488;1.0; 69.86451;581.7637;2534.7336;1.0; -123.82357;581.9803;2536.9465;1.0; -129.06453;270.36353;2543.9731;0.5; -139.47345;-37.85143;2498.3984;0.5; 263.5526;581.547;2532.521;1.0; 464.2318;305.53503;2503.3208;1.0; 723.2305;219.30937;2403.9448;1.0; 69.91603;345.03082;2562.4224;1.0; -40.059113;108.421074;2591.368;1.0; -38.617546;-365.62912;2641.512;1.0; -38.182453;-822.2576;2626.3757;1.0; 179.99422;108.174934;2588.854;1.0; 188.34157;-365.85663;2639.712;1.0; 206.62936;-832.5214;2577.9937;1.0; 
65.76491;812.0682;2490.2488;1.0; 69.86451;581.7637;2534.7336;1.0; -123.82357;581.9803;2536.9465;1.0; -129.06453;270.36353;2543.9731;0.5; -139.47345;-37.85143;2498.3984;0.5; 263.5526;581.547;2532.521;1.0; 464.2318;305.53503;2503.3208;1.0; 723.2305;219.30937;2403.9448;1.0; 69.91603;345.03082;2562.4224;1.0; -40.059113;108.421074;2591.368;1.0; -38.617546;-365.62912;2641.512;1.0; -38.182453;-822.2576;2626.3757;1.0; 179.99422;108.174934;2588.854;1.0; 188.34157;-365.85663;2639.712;1.0; 206.62936;-832.5214;2577.9937;1.0; 
66.689445;807.74774;2479.97;1.0; 70.327644;578.9847;2531.0505;1.0; -123.31672;579.8334;2535.6152;1.0; -127.502014;268.17227;2541.2427;0.5; -136.99924;-40.711304;2500.223;0.5; 263.97202;578.1359;2526.4856;1.0; 461.6411;288.7875;2506.1555;1.0; 710.9993;144.02061;2433.2998;1.0; 70.03987;342.77063;2562.7617;1.0; -40.245956;107.038704;2597.066;1.0; -38.722916;-367.7533;2639.3364;1.0; -38.372574;-823.3857;2628.8062;1.0; 179.75015;106.07448;2591.88;1.0; 187.99338;-368.06665;2641.4863;1.0; 208.48294;-838.588;2571.3079;1.0; 
66.689445;807.74774;2479.97;1.0; 70.327644;578.9847;2531.0505;1.0; -123.31672;579.8334;2535.6152;1.0; -127.502014;268.17227;2541.2427;0.5; -136.99924;-40.711304;2500.223;0.5; 263.97202;578.1359;2526.4856;1.0; 461.6411;288.7875;2506.1555;1.0; 710.9993;144.02061;2433.2998;1.0; 70.03987;342.77063;2562.7617;1.0; -40.245956;107.038704;2597.066;1.0; -38.722916;-367.7533;2639.3364;1.0; -38.372574;-823.3857;2628.8062;1.0; 179.75015;106.07448;2591.88;1.0; 187.99338;-368.06665;2641.4863;1.0; 208.48294;-838.588;2571.3079;1.0; 
66.06595;806.54944;2474.827;1.0; 69.84559;577.61255;2528.9104;1.0; -123.790344;578.5859;2534.293;1.0; -127.133835;266.8964;2538.7986;0.5; -135.78535;-42.52912;2501.8816;0.5; 263.4815;576.6393;2523.528;1.0; 449.8241;274.89633;2516.0745;1.0; 690.18964;94.12745;2461.2239;1.0; 69.588875;341.615;2562.35;1.0; -40.642883;106.1702;2598.8467;1.0; -37.66925;-369.29605;2632.1143;1.0; -39.023544;-823.38153;2625.8374;1.0; 179.3072;105.06463;2592.7327;1.0; 187.11209;-369.362;2639.4006;1.0; 208.40366;-834.7426;2570.4885;1.0; 
66.06595;806.54944;2474.827;1.0; 69.84559;577.61255;2528.9104;1.0; -123.790344;578.5859;2534.293;1.0; -127.133835;266.8964;2538.7986;0.5; -135.78535;-42.52912;2501.8816;0.5; 263.4815;576.6393;2523.528;1.0; 449.8241;274.89633;2516.0745;1.0; 690.18964;94.12745;2461.2239;1.0; 69.588875;341.615;2562.35;1.0; -40.642883;106.1702;2598.8467;1.0; -37.66925;-369.29605;2632.1143;1.0; -39.023544;-823.38153;2625.8374;1.0; 179.3072;105.06463;2592.7327;1.0; 187.11209;-369.362;2639.4006;1.0; 208.40366;-834.7426;2570.4885;1.0; 
67.61562;806.99475;2473.2546;1.0; 71.08868;578.0238;2527.606;1.0; -122.53837;579.15985;2533.5212;1.0; -125.21009;267.45215;2537.1282;0.5; -133.08029;-42.412605;2503.9055;0.5; 264.71573;576.8878;2521.6907;1.0; 440.41364;265.44852;2521.0327;1.0; 679.5961;69.06603;2477.9902;1.0; 70.75798;342.1601;2562.0796;1.0; -39.54087;106.94156;2599.9126;1.0; -36.0188;-368.61823;2632.7903;1.0; -37.20708;-823.9865;2623.5972;1.0; 180.39543;105.65115;2593.1936;1.0; 187.58093;-368.7676;2640.0295;1.0; 210.49997;-836.27795;2569.2805;1.0; 
67.61562;806.99475;2473.2546;1.0; 71.08868;578.0238;2527.606;1.0; -122.53837;579.15985;2533.5212;1.0; -125.21009;267.45215;2537.1282;0.5; -133.08029;-42.412605;2503.9055;0.5; 264.71573;576.8878;2521.6907;1.0; 440.41364;265.44852;2521.0327;1.0; 679.5961;69.06603;2477.9902;1.0; 70.75798;342.1601;2562.0796;1.0; -39.54087;106.94156;2599.9126;1.0; -36.0188;-368.61823;2632.7903;1.0; -37.20708;-823.9865;2623.5972;1.0; 180.39543;105.65115;2593.1936;1.0; 187.58093;-368.7676;2640.0295;1.0; 210.49997;-836.27795;2569.2805;1.0; 
69.685875;807.94104;2479.473;1.0; 72.93586;578.45825;2529.0505;1.0; -120.72305;579.188;2533.947;1.0; -122.858444;267.46866;2536.8342;0.5; -130.00917;-42.752094;2506.9375;0.5; 266.59476;577.72845;2524.154;1.0; 435.7159;259.7317;2522.515;1.0; 682.73535;65.001175;2481.5151;1.0; 72.832794;342.14554;2560.1934;1.0; -37.257458;106.24731;2594.1172;1.0; -37.685955;-369.18488;2629.1602;1.0; -36.372166;-827.0731;2615.9736;1.0; 182.71692;105.41839;2588.5552;1.0; 192.71948;-369.42813;2629.7788;1.0; 210.52507;-834.1642;2566.2727;1.0; 
69.685875;807.94104;2479.473;1.0; 72.93586;578.45825;2529.0505;1.0; -120.72305;579.188;2533.947;1.0; -122.858444;267.46866;2536.8342;0.5; -130.00917;-42.752094;2506.9375;0.5; 266.59476;577.72845;2524.154;1.0; 435.7159;259.7317;2522.515;1.0; 682.73535;65.001175;2481.5151;1.0; 72.832794;342.14554;2560.1934;1.0; -37.257458;106.24731;2594.1172;1.0; -37.685955;-369.18488;2629.1602;1.0; -36.372166;-827.0731;2615.9736;1.0; 182.71692;105.41839;2588.5552;1.0; 192.71948;-369.42813;2629.7788;1.0; 210.52507;-834.1642;2566.2727;1.0; 
71.532005;812.46027;2490.0842;1.0; 75.204254;580.8979;2531.8748;1.0; -118.48906;580.8217;2534.4336;1.0; -120.19615;269.09497;2536.7441;0.5; -126.68624;-41.414234;2509.841;0.5; 268.89755;580.974;2529.316;1.0; 440.8881;263.39026;2522.7534;1.0; 696.95953;79.64122;2474.5947;1.0; 75.64495;344.0327;2558.1865;1.0; -33.92747;107.12434;2585.9517;1.0; -35.15805;-367.71817;2627.9592;1.0; -34.508247;-820.31683;2614.7195;1.0; 186.09877;107.21081;2583.045;1.0; 191.92331;-367.11453;2630.2314;1.0; 210.47566;-828.1694;2568.4426;1.0; 
71.532005;812.46027;2490.0842;1.0; 75.204254;580.8979;2531.8748;1.0; -118.48906;580.8217;2534.4336;1.0; -120.19615;269.09497;2536.7441;0.5; -126.68624;-41.414234;2509.841;0.5; 268.89755;580.974;2529.316;1.0; 440.8881;263.39026;2522.7534;1.0; 696.95953;79.64122;2474.5947;1.0; 75.64495;344.0327;2558.1865;1.0; -33.92747;107.12434;2585.9517;1.0; -35.15805;-367.71817;2627.9592;1.0; -34.508247;-820.31683;2614.7195;1.0; 186.09877;107.21081;2583.045;1.0; 191.92331;-367.11453;2630.2314;1.0; 210.47566;-828.1694;2568.4426;1.0; 
72.78966;812.5172;2495.889;1.0; 76.29155;581.24786;2533.7302;1.0; -117.41784;580.5644;2534.9355;1.0; -118.78273;268.8329;2536.7847;0.5; -124.66766;-41.910053;2512.5757;0.5; 270.00095;581.93134;2532.525;1.0; 446.4526;269.70255;2518.377;1.0; 716.5016;109.922935;2460.046;1.0; 77.276985;344.10837;2557.6323;1.0; -31.7501;106.58071;2582.219;1.0; -35.556946;-367.63376;2630.5776;1.0; -36.779163;-823.6546;2618.2104;1.0; 188.27493;107.35705;2580.8499;1.0; 189.10844;-366.8734;2629.4246;1.0; 210.19989;-833.8215;2568.2732;1.0; 
72.78966;812.5172;2495.889;1.0; 76.29155;581.24786;2533.7302;1.0; -117.41784;580.5644;2534.9355;1.0; -118.78273;268.8329;2536.7847;0.5; -124.66766;-41.910053;2512.5757;0.5; 270.00095;581.93134;2532.525;1.0; 446.4526;269.70255;2518.377;1.0; 716.5016;109.922935;2460.046;1.0; 77.276985;344.10837;2557.6323;1.0; -31.7501;106.58071;2582.219;1.0; -35.556946;-367.63376;2630.5776;1.0; -36.779163;-823.6546;2618.2104;1.0; 188.27493;107.35705;2580.8499;1.0; 189.10844;-366.8734;2629.4246;1.0; 210.19989;-833.8215;2568.2732;1.0; 
72.66808;809.6623;2490.286;1.0; 76.731674;580.0419;2532.066;1.0; -116.97557;578.7482;2533.8865;1.0; -118.067024;267.01367;2535.3662;0.5; -123.39888;-43.918606;2513.582;0.5; 270.4389;581.3355;2530.2456;1.0; 452.72882;276.85437;2511.1885;1.0; 736.059;154.63988;2439.1333;1.0; 78.559235;343.12897;2558.1772;1.0; -29.623243;105.48138;2585.3223;1.0; -36.195107;-368.16815;2638.7502;1.0; -37.354286;-825.15924;2626.0737;1.0; 190.39684;106.950745;2583.2546;1.0; 187.92587;-366.87405;2635.6453;1.0; 210.61932;-831.88654;2572.6348;1.0; 
72.66808;809.6623;2490.286;1.0; 76.731674;580.0419;2532.066;1.0; -116.97557;578.7482;2533.8865;1.0; -118.067024;267.01367;2535.3662;0.5; -123.39888;-43.918606;2513.582;0.5; 270.4389;581.3355;2530.2456;1.0; 452.72882;276.85437;2511.1885;1.0; 736.059;154.63988;2439.1333;1.0; 78.559235;343.12897;2558.1772;1.0; -29.623243;105.48138;2585.3223;1.0; -36.195107;-368.16815;2638.7502;1.0; -37.354286;-825.15924;2626.0737;1.0; 190.39684;106.950745;2583.2546;1.0; 187.92587;-366.87405;2635.6453;1.0; 210.61932;-831.88654;2572.6348;1.0; 
72.6585;809.51184;2486.9875;1.0; 77.01044;579.892;2531.505;1.0; -116.70068;578.06256;2532.2188;1.0; -117.573586;266.32602;2533.4028;0.5; -122.40084;-44.759647;2513.8005;0.5; 270.72156;581.7215;2530.791;1.0; 459.85947;286.42422;2503.597;1.0; 751.06726;220.42886;2416.583;1.0; 79.34808;343.1406;2559.109;1.0; -28.329082;105.35016;2587.1182;1.0; -36.091255;-368.64133;2637.5269;1.0; -37.446877;-823.6628;2624.2822;1.0; 191.70055;107.42817;2586.3074;1.0; 188.85887;-366.71323;2635.941;1.0; 209.04764;-828.7607;2574.6716;1.0; 
72.6585;809.51184;2486.9875;1.0; 77.01044;579.892;2531.505;1.0; -116.70068;578.06256;2532.2188;1.0; -117.573586;266.32602;2533.4028;0.5; -122.40084;-44.759647;2513.8005;0.5; 270.72156;581.7215;2530.791;1.0; 459.85947;286.42422;2503.597;1.0; 751.06726;220.42886;2416.583;1.0; 79.34808;343.1406;2559.109;1.0; -28.329082;105.35016;2587.1182;1.0; -36.091255;-368.64133;2637.5269;1.0; -37.446877;-823.6628;2624.2822;1.0; 191.70055;107.42817;2586.3074;1.0; 188.85887;-366.71323;2635.941;1.0; 209.04764;-828.7607;2574.6716;1.0; 
73.626305;819.44763;2502.338;1.0; 78.05149;587.12134;2537.2588;1.0; -115.667915;585.7478;2537.5908;1.0; -116.36604;274.01;2538.538;0.5; -120.7337;-37.199947;2520.8992;0.5; 271.7709;588.4949;2536.9268;1.0; 464.43533;300.71725;2498.3047;1.0; 754.3882;292.3118;2402.607;1.0; 79.770515;349.7754;2558.352;1.0; -28.528465;111.649376;2579.634;1.0; -38.854847;-362.85754;2624.24;1.0; -38.06606;-811.96484;2615.757;1.0; 191.50755;113.20951;2579.2566;1.0; 186.46025;-361.09683;2627.2166;1.0; 208.18495;-827.83936;2563.2598;1.0; 
73.626305;819.44763;2502.338;1.0; 78.05149;587.12134;2537.2588;1.0; -115.667915;585.7478;2537.5908;1.0; -116.36604;274.01;2538.538;0.5; -120.7337;-37.199947;2520.8992;0.5; 271.7709;588.4949;2536.9268;1.0; 464.43533;300.71725;2498.3047;1.0; 754.3882;292.3118;2402.607;1.0; 79.770515;349.7754;2558.352;1.0; -28.528465;111.649376;2579.634;1.0; -38.854847;-362.85754;2624.24;1.0; -38.06606;-811.96484;2615.757;1.0; 191.50755;113.20951;2579.2566;1.0; 186.46025;-361.09683;2627.2166;1.0; 208.18495;-827.83936;2563.2598;1.0; 
70.21542;812.68207;2493.1084;1.0; 75.79556;573.7317;2540.8503;1.0; -117.59214;566.9944;2535.6753;1.0; -118.15049;255.25578;2536.4333;0.5; -122.10007;-56.054863;2520.561;0.5; 269.18326;580.469;2546.0256;1.0; 441.8856;388.5025;2512.623;1.0; 650.5372;487.7871;2390.3423;1.0; 83.81107;336.08096;2550.7085;1.0; -17.33778;94.62715;2557.6453;1.0; -29.374357;-376.24326;2611.896;1.0; -28.304193;-834.75354;2605.7622;1.0; 200.99095;102.233345;2563.4878;1.0; 196.11728;-370.89276;2621.2437;1.0; 217.16496;-840.7836;2555.8901;1.0; 
70.21542;812.68207;2493.1084;1.0; 75.79556;573.7317;2540.8503;1.0; -117.59214;566.9944;2535.6753;1.0; -118.15049;255.25578;2536.4333;0.5; -122.10007;-56.054863;2520.561;0.5; 269.18326;580.469;2546.0256;1.0; 441.8856;388.5025;2512.623;1.0; 650.5372;487.7871;2390.3423;1.0; 83.81107;336.08096;2550.7085;1.0; -17.33778;94.62715;2557.6453;1.0; -29.374357;-376.24326;2611.896;1.0; -28.304193;-834.75354;2605.7622;1.0; 200.99095;102.233345;2563.4878;1.0; 196.11728;-370.89276;2621.2437;1.0; 217.16496;-840.7836;2555.8901;1.0; 
72.753426;813.87616;2497.4094;1.0; 78.94326;578.80054;2537.9895;1.0; -114.58387;572.9771;2535.2812;1.0; -115.03045;261.238;2535.8877;0.5; -118.6002;-50.154156;2521.605;0.5; 272.4704;584.624;2540.6978;1.0; 446.47968;415.2852;2502.311;1.0; 559.13885;612.3426;2394.9312;1.0; 85.86761;341.31693;2553.8384;1.0; -16.821833;100.53489;2568.1533;1.0; -38.81117;-369.21323;2638.8306;1.0; -37.017666;-811.71027;2635.8452;1.0; 202.40573;107.1317;2571.2212;1.0; 188.33203;-364.9486;2635.1094;1.0; 207.41905;-820.4623;2580.3792;1.0; 
72.753426;813.87616;2497.4094;1.0; 78.94326;578.80054;2537.9895;1.0; -114.58387;572.9771;2535.2812;1.0; -115.03045;261.238;2535.8877;0.5; -118.6002;-50.154156;2521.605;0.5; 272.4704;584.624;2540.6978;1.0; 446.47968;415.2852;2502.311;1.0; 559.13885;612.3426;2394.9312;1.0; 85.86761;341.31693;2553.8384;1.0; -16.821833;100.53489;2568.1533;1.0; -38.81117;-369.21323;2638.8306;1.0; -37.017666;-811.71027;2635.8452;1.0; 202.40573;107.1317;2571.2212;1.0; 188.33203;-364.9486;2635.1094;1.0; 207.41905;-820.4623;2580.3792;1.0; 
73.65874;815.1757;2499.0554;1.0; 81.741;582.23944;2535.8772;1.0; -111.53218;577.3621;2542.5564;1.0; -111.88938;265.62268;2543.0415;0.5; -115.11436;-45.835594;2530.1892;0.5; 275.0142;587.1167;2529.1978;1.0; 445.87567;393.05142;2500.2827;1.0; 473.1961;642.28253;2419.3403;1.0; 88.38515;344.8529;2554.791;1.0; -14.707773;104.69715;2577.4973;1.0; -35.814453;-366.15265;2645.1265;1.0; -35.72681;-817.66986;2630.503;1.0; 204.76636;110.23564;2569.9124;1.0; 190.5531;-362.0409;2633.0078;1.0; 209.36055;-827.5586;2567.501;1.0; 
73.65874;815.1757;2499.0554;1.0; 81.741;582.23944;2535.8772;1.0; -111.53218;577.3621;2542.5564;1.0; -111.88938;265.62268;2543.0415;0.5; -115.11436;-45.835594;2530.1892;0.5; 275.0142;587.1167;2529.1978;1.0; 445.87567;393.05142;2500.2827;1.0; 473.1961;642.28253;2419.3403;1.0; 88.38515;344.8529;2554.791;1.0; -14.707773;104.69715;2577.4973;1.0; -35.814453;-366.15265;2645.1265;1.0; -35.72681;-817.66986;2630.503;1.0; 204.76636;110.23564;2569.9124;1.0; 190.5531;-362.0409;2633.0078;1.0; 209.36055;-827.5586;2567.501;1.0; 
73.63358;812.8071;2491.8723;1.0; 82.7872;581.85675;2532.3164;1.0; -110.58483;577.0278;2540.0527;1.0; -110.87055;265.28812;2540.441;0.5; -113.782875;-46.22369;2528.8755;0.5; 276.15924;586.6857;2524.5798;1.0; 438.33398;387.576;2509.8118;1.0; 414.08548;659.00684;2433.2341;1.0; 89.65717;344.888;2556.1191;1.0; -13.14879;105.18039;2584.3098;1.0; -36.896156;-366.6011;2646.2493;1.0; -36.053364;-815.9738;2629.3848;1.0; 206.20308;110.65814;2575.5342;1.0; 189.10411;-362.04565;2634.7666;1.0; 208.97923;-828.87366;2574.0208;1.0; 
73.63358;812.8071;2491.8723;1.0; 82.7872;581.85675;2532.3164;1.0; -110.58483;577.0278;2540.0527;1.0; -110.87055;265.28812;2540.441;0.5; -113.782875;-46.22369;2528.8755;0.5; 276.15924;586.6857;2524.5798;1.0; 438.33398;387.576;2509.8118;1.0; 414.08548;659.00684;2433.2341;1.0; 89.65717;344.888;2556.1191;1.0; -13.14879;105.18039;2584.3098;1.0; -36.896156;-366.6011;2646.2493;1.0; -36.053364;-815.9738;2629.3848;1.0; 206.20308;110.65814;2575.5342;1.0; 189.10411;-362.04565;2634.7666;1.0; 208.97923;-828.87366;2574.0208;1.0; 
72.4471;810.1499;2487.7827;1.0; 81.76432;580.4158;2531.5178;1.0; -111.735565;575.0718;2536.5312;1.0; -111.964134;263.33203;2536.8418;0.5; -114.5932;-48.223125;2526.4343;0.5; 275.26422;585.7597;2526.5044;1.0; 437.19928;382.0611;2507.7598;1.0; 377.44287;663.7165;2442.4863;1.0; 88.99052;343.70566;2558.107;1.0; -13.614602;103.96231;2587.5417;1.0; -38.07799;-369.18167;2638.0544;1.0; -37.653137;-819.9504;2627.5122;1.0; 206.04802;110.02882;2581.8503;1.0; 187.45648;-362.62692;2641.2854;1.0; 208.4706;-833.7754;2573.5208;1.0; 
72.4471;810.1499;2487.7827;1.0; 81.76432;580.4158;2531.5178;1.0; -111.735565;575.0718;2536.5312;1.0; -111.964134;263.33203;2536.8418;0.5; -114.5932;-48.223125;2526.4343;0.5; 275.26422;585.7597;2526.5044;1.0; 437.19928;382.0611;2507.7598;1.0; 377.44287;663.7165;2442.4863;1.0; 88.99052;343.70566;2558.107;1.0; -13.614602;103.96231;2587.5417;1.0; -38.07799;-369.18167;2638.0544;1.0; -37.653137;-819.9504;2627.5122;1.0; 206.04802;110.02882;2581.8503;1.0; 187.45648;-362.62692;2641.2854;1.0; 208.4706;-833.7754;2573.5208;1.0; 
75.05238;809.62305;2488.2366;1.0; 84.30274;580.7216;2531.7808;1.0; -109.26292;574.96326;2534.3882;1.0; -109.44584;263.22345;2534.6367;0.5; -111.81844;-48.366825;2525.2712;0.5; 277.8684;586.48;2529.1733;1.0; 427.59756;396.02902;2506.3816;1.0; 357.69754;688.4862;2443.252;1.0; 91.707115;344.01352;2558.6978;1.0; -10.786798;104.03606;2587.0952;1.0; -33.94903;-369.7763;2633.0168;1.0; -35.25558;-821.7832;2619.6912;1.0; 209.00977;110.57475;2584.1345;1.0; 193.89603;-363.4385;2631.2112;1.0; 210.30424;-828.536;2572.3845;1.0; 
75.05238;809.62305;2488.2366;1.0; 84.30274;580.7216;2531.7808;1.0; -109.26292;574.96326;2534.3882;1.0; -109.44584;263.22345;2534.6367;0.5; -111.81844;-48.366825;2525.2712;0.5; 277.8684;586.48;2529.1733;1.0; 427.59756;396.02902;2506.3816;1.0; 357.69754;688.4862;2443.252;1.0; 91.707115;344.01352;2558.6978;1.0; -10.786798;104.03606;2587.0952;1.0; -33.94903;-369.7763;2633.0168;1.0; -35.25558;-821.7832;2619.6912;1.0; 209.00977;110.57475;2584.1345;1.0; 193.89603;-363.4385;2631.2112;1.0; 210.30424;-828.536;2572.3845;1.0; 
73.03308;810.38855;2495.4634;1.0; 83.26236;580.4496;2533.5896;1.0; -110.30785;573.95685;2536.2913;1.0; -110.45426;262.21698;2536.49;0.5; -112.594826;-49.401745;2528.0623;0.5; 276.83258;586.9423;2530.888;1.0; 419.2982;411.0142;2501.6873;1.0; 367.63806;712.2924;2427.4932;1.0; 91.543045;343.42853;2557.273;1.0; -10.086452;102.72088;2582.4902;1.0; -36.069576;-370.79315;2630.726;1.0; -38.336933;-825.24274;2615.963;1.0; 209.73392;110.094086;2579.4224;1.0; 189.716;-363.66284;2627.9314;1.0; 209.39517;-833.5228;2562.837;1.0; 
73.03308;810.38855;2495.4634;1.0; 83.26236;580.4496;2533.5896;1.0; -110.30785;573.95685;2536.2913;1.0; -110.45426;262.21698;2536.49;0.5; -112.594826;-49.401745;2528.0623;0.5; 276.83258;586.9423;2530.888;1.0; 419.2982;411.0142;2501.6873;1.0; 367.63806;712.2924;2427.4932;1.0; 91.543045;343.42853;2557.273;1.0; -10.086452;102.72088;2582.4902;1.0; -36.069576;-370.79315;2630.726;1.0; -38.336933;-825.24274;2615.963;1.0; 209.73392;110.094086;2579.4224;1.0; 189.716;-363.66284;2627.9314;1.0; 209.39517;-833.5228;2562.837;1.0; 
69.950096;807.9713;2491.082;1.0; 81.19554;579.10956;2532.8506;1.0; -112.34368;571.73444;2532.0989;1.0; -112.46088;259.99454;2532.2578;0.5; -114.39157;-51.647243;2524.6736;0.5; 274.73477;586.4847;2533.6025;1.0; 428.6321;418.49335;2495.3533;1.0; 401.7032;721.19617;2401.9404;1.0; 90.12026;342.29614;2558.4375;1.0; -10.877874;101.29396;2583.5974;1.0; -38.192917;-371.32806;2639.2124;1.0; -37.301685;-818.89014;2621.3926;1.0; 208.96785;109.671524;2584.4514;1.0; 189.04922;-362.86356;2643.3079;1.0; 206.062;-829.9442;2574.7998;1.0; 
69.950096;807.9713;2491.082;1.0; 81.19554;579.10956;2532.8506;1.0; -112.34368;571.73444;2532.0989;1.0; -112.46088;259.99454;2532.2578;0.5; -114.39157;-51.647243;2524.6736;0.5; 274.73477;586.4847;2533.6025;1.0; 428.6321;418.49335;2495.3533;1.0; 401.7032;721.19617;2401.9404;1.0; 90.12026;342.29614;2558.4375;1.0; -10.877874;101.29396;2583.5974;1.0; -38.192917;-371.32806;2639.2124;1.0; -37.301685;-818.89014;2621.3926;1.0; 208.96785;109.671524;2584.4514;1.0; 189.04922;-362.86356;2643.3079;1.0; 206.062;-829.9442;2574.7998;1.0; 
68.596794;811.72766;2495.8892;1.0; 77.74076;581.39746;2534.161;1.0; -115.86102;575.19855;2533.952;1.0; -115.95489;263.45865;2534.079;0.5; -117.69594;-48.20179;2527.2542;0.5; 271.34253;587.5964;2534.3696;1.0; 437.81384;412.74368;2485.1853;1.0; 458.16348;710.70654;2377.331;1.0; 85.30615;344.32343;2557.7163;1.0; -17.068134;103.72926;2581.153;1.0; -42.97096;-368.91458;2637.7075;1.0; -42.44597;-816.7892;2617.691;1.0; 202.81122;110.76953;2581.3904;1.0; 184.94614;-362.36966;2636.487;1.0; 201.79298;-832.6701;2562.8206;1.0; 
68.596794;811.72766;2495.8892;1.0; 77.74076;581.39746;2534.161;1.0; -115.86102;575.19855;2533.952;1.0; -115.95489;263.45865;2534.079;0.5; -117.69594;-48.20179;2527.2542;0.5; 271.34253;587.5964;2534.3696;1.0; 437.81384;412.74368;2485.1853;1.0; 458.16348;710.70654;2377.331;1.0; 85.30615;344.32343;2557.7163;1.0; -17.068134;103.72926;2581.153;1.0; -42.97096;-368.91458;2637.7075;1.0; -42.44597;-816.7892;2617.691;1.0; 202.81122;110.76953;2581.3904;1.0; 184.94614;-362.36966;2636.487;1.0; 201.79298;-832.6701;2562.8206;1.0; 
66.99053;817.7302;2507.2898;1.0; 75.93542;588.1033;2537.7354;1.0; -117.686935;582.1066;2537.4773;1.0; -117.76209;270.36667;2537.579;0.5; -119.33184;-41.308857;2531.4373;0.5; 269.55777;594.0999;2537.9934;1.0; 439.90735;391.37234;2483.5962;1.0; 526.0899;662.1882;2358.1123;1.0; 83.26567;350.6197;2556.332;1.0; -19.359722;109.73071;2574.7822;1.0; -38.724915;-362.93008;2633.5928;1.0; -40.90121;-817.10864;2613.1897;1.0; 200.55157;116.541534;2575.0752;1.0; 187.95209;-356.7457;2630.5674;1.0; 206.20123;-826.61487;2560.6238;1.0; 
66.99053;817.7302;2507.2898;1.0; 75.93542;588.1033;2537.7354;1.0; -117.686935;582.1066;2537.4773;1.0; -117.76209;270.36667;2537.579;0.5; -119.33184;-41.308857;2531.4373;0.5; 269.55777;594.0999;2537.9934;1.0; 439.90735;391.37234;2483.5962;1.0; 526.0899;662.1882;2358.1123;1.0; 83.26567;350.6197;2556.332;1.0; -19.359722;109.73071;2574.7822;1.0; -38.724915;-362.93008;2633.5928;1.0; -40.90121;-817.10864;2613.1897;1.0; 200.55157;116.541534;2575.0752;1.0; 187.95209;-356.7457;2630.5674;1.0; 206.20123;-826.61487;2560.6238;1.0; 
64.52405;811.931;2495.986;1.0; 72.36634;584.30475;2534.1357;1.0; -121.235725;577.8462;2535.5452;1.0; -121.29596;266.10623;2535.6267;0.5; -122.71103;-45.58156;2530.0994;0.5; 265.9684;590.7633;2532.726;1.0; 440.47366;371.70392;2484.7988;1.0; 599.953;581.18567;2344.8877;1.0; 80.44393;347.3;2557.6396;1.0; -21.431475;106.627174;2581.944;1.0; -38.77561;-365.67267;2644.3533;1.0; -39.374565;-822.1588;2629.4395;1.0; 198.47452;113.96324;2580.343;1.0; 185.58372;-358.8901;2639.57;1.0; 206.65045;-832.7716;2575.237;1.0; 
64.52405;811.931;2495.986;1.0; 72.36634;584.30475;2534.1357;1.0; -121.235725;577.8462;2535.5452;1.0; -121.29596;266.10623;2535.6267;0.5; -122.71103;-45.58156;2530.0994;0.5; 265.9684;590.7633;2532.726;1.0; 440.47366;371.70392;2484.7988;1.0; 599.953;581.18567;2344.8877;1.0; 80.44393;347.3;2557.6396;1.0; -21.431475;106.627174;2581.944;1.0; -38.77561;-365.67267;2644.3533;1.0; -39.374565;-822.1588;2629.4395;1.0; 198.47452;113.96324;2580.343;1.0; 185.58372;-358.8901;2639.57;1.0; 206.65045;-832.7716;2575.237;1.0; 
66.73037;812.8022;2490.335;1.0; 74.56935;584.1366;2532.1829;1.0; -119.045784;577.8461;2533.5776;1.0; -119.09404;266.10614;2533.6428;0.5; -120.36944;-45.59159;2528.6687;0.5; 268.18448;590.42706;2530.7878;1.0; 443.73697;350.8514;2486.3962;1.0; 660.94244;483.27197;2346.2405;1.0; 82.44912;347.34146;2558.0571;1.0; -19.627333;106.97388;2584.7236;1.0; -35.439182;-366.5117;2637.1492;1.0; -35.871796;-820.1914;2623.4192;1.0; 200.28511;114.11874;2583.1392;1.0; 189.9787;-359.48514;2636.451;1.0; 210.15775;-834.9316;2568.7866;1.0; 
66.73037;812.8022;2490.335;1.0; 74.56935;584.1366;2532.1829;1.0; -119.045784;577.8461;2533.5776;1.0; -119.09404;266.10614;2533.6428;0.5; -120.36944;-45.59159;2528.6687;0.5; 268.18448;590.42706;2530.7878;1.0; 443.73697;350.8514;2486.3962;1.0; 660.94244;483.27197;2346.2405;1.0; 82.44912;347.34146;2558.0571;1.0; -19.627333;106.97388;2584.7236;1.0; -35.439182;-366.5117;2637.1492;1.0; -35.871796;-820.1914;2623.4192;1.0; 200.28511;114.11874;2583.1392;1.0; 189.9787;-359.48514;2636.451;1.0; 210.15775;-834.9316;2568.7866;1.0; 
68.45796;815.157;2487.008;1.0; 76.451866;585.5226;2531.2913;1.0; -117.177155;579.50134;2532.377;1.0; -117.21579;267.76135;2532.429;0.5; -118.3651;-43.944424;2527.9526;0.5; 270.08087;591.54376;2530.2056;1.0; 447.86826;328.92383;2489.1948;1.0; 700.8577;383.1395;2360.626;1.0; 83.96454;348.85028;2558.5713;1.0; -18.489315;108.75841;2586.468;1.0; -36.954037;-365.1569;2634.2961;1.0; -37.195812;-821.98395;2621.0667;1.0; 201.44374;115.597595;2585.2346;1.0; 191.56438;-358.64377;2632.6204;1.0; 209.32767;-830.0647;2571.5925;1.0; 
68.45796;815.157;2487.008;1.0; 76.451866;585.5226;2531.2913;1.0; -117.177155;579.50134;2532.377;1.0; -117.21579;267.76135;2532.429;0.5; -118.3651;-43.944424;2527.9526;0.5; 270.08087;591.54376;2530.2056;1.0; 447.86826;328.92383;2489.1948;1.0; 700.8577;383.1395;2360.626;1.0; 83.96454;348.85028;2558.5713;1.0; -18.489315;108.75841;2586.468;1.0; -36.954037;-365.1569;2634.2961;1.0; -37.195812;-821.98395;2621.0667;1.0; 201.44374;115.597595;2585.2346;1.0; 191.56438;-358.64377;2632.6204;1.0; 209.32767;-830.0647;2571.5925;1.0; 
67.43586;815.8186;2494.8542;1.0; 77.12383;585.27747;2533.0305;1.0; -116.46164;578.212;2532.25;1.0; -116.49261;266.472;2532.2917;0.5; -117.52813;-45.240295;2528.2632;0.5; 270.7093;592.34296;2533.8113;1.0; 452.45062;310.4766;2492.096;1.0; 717.02673;292.0162;2374.3677;1.0; 85.6771;348.28696;2556.9429;1.0; -15.718905;107.28351;2580.4119;1.0; -34.63952;-366.92596;2625.4739;1.0; -34.89648;-821.8579;2616.1086;1.0; 204.17964;115.309395;2581.2986;1.0; 192.50133;-358.30362;2634.24;1.0; 212.32085;-836.0605;2561.8157;1.0; 
67.43586;815.8186;2494.8542;1.0; 77.12383;585.27747;2533.0305;1.0; -116.46164;578.212;2532.25;1.0; -116.49261;266.472;2532.2917;0.5; -117.52813;-45.240295;2528.2632;0.5; 270.7093;592.34296;2533.8113;1.0; 452.45062;310.4766;2492.096;1.0; 717.02673;292.0162;2374.3677;1.0; 85.6771;348.28696;2556.9429;1.0; -15.718905;107.28351;2580.4119;1.0; -34.63952;-366.92596;2625.4739;1.0; -34.89648;-821.8579;2616.1086;1.0; 204.17964;115.309395;2581.2986;1.0; 192.50133;-358.30362;2634.24;1.0; 212.32085;-836.0605;2561.8157;1.0; 
68.81488;813.1721;2489.2705;1.0; 78.421295;583.4305;2531.023;1.0; -115.15531;575.9844;2530.0183;1.0; -115.18013;264.2444;2530.0518;0.5; -116.11303;-47.473152;2526.4263;0.5; 271.9979;590.8766;2532.0278;1.0; 450.72345;291.73734;2500.5493;1.0; 717.6442;214.17789;2399.164;1.0; 87.39103;346.69724;2557.3022;1.0; -13.574343;105.73524;2583.0107;1.0; -35.820927;-367.914;2632.239;1.0; -36.21206;-823.2489;2625.6794;1.0; 206.29587;114.19273;2584.152;1.0; 190.9136;-358.91705;2640.61;1.0; 210.89784;-832.9961;2572.7197;1.0; 
68.81488;813.1721;2489.2705;1.0; 78.421295;583.4305;2531.023;1.0; -115.15531;575.9844;2530.0183;1.0; -115.18013;264.2444;2530.0518;0.5; -116.11303;-47.473152;2526.4263;0.5; 271.9979;590.8766;2532.0278;1.0; 450.72345;291.73734;2500.5493;1.0; 717.6442;214.17789;2399.164;1.0; 87.39103;346.69724;2557.3022;1.0; -13.574343;105.73524;2583.0107;1.0; -35.820927;-367.914;2632.239;1.0; -36.21206;-823.2489;2625.6794;1.0; 206.29587;114.19273;2584.152;1.0; 190.9136;-358.91705;2640.61;1.0; 210.89784;-832.9961;2572.7197;1.0; 
68.53141;817.4637;2495.485;1.0; 79.54377;585.4976;2532.5623;1.0; -113.97238;576.945;2530.2676;1.0; -113.992256;265.20502;2530.2942;0.5; -114.83266;-46.516792;2527.0315;0.5; 273.0599;594.0503;2534.8572;1.0; 447.86902;282.37637;2508.7756;1.0; 704.1478;153.35872;2423.801;1.0; 89.730225;348.5703;2556.576;1.0; -9.98987;106.78556;2579.2864;1.0; -34.80169;-366.84164;2627.7058;1.0; -33.585587;-816.29913;2619.8157;1.0; 209.82324;116.50043;2581.8928;1.0; 190.23323;-356.72867;2636.0686;1.0; 213.41356;-833.6327;2567.676;1.0; 
69.639984;815.3702;2490.0837;1.0; 80.92659;584.7994;2530.5693;1.0; -112.57855;575.74756;2529.3203;1.0; -112.59444;264.00757;2529.3416;0.5; -113.35139;-47.717716;2526.4053;0.5; 274.43173;593.8512;2531.8186;1.0; 437.44003;270.6936;2514.8872;1.0; 687.5848;110.733284;2447.0886;1.0; 91.8257;348.158;2556.9883;1.0; -7.1721754;106.3758;2582.6978;1.0; -34.14573;-366.8414;2633.9375;1.0; -35.778717;-821.08936;2626.6787;1.0; 212.6218;116.65737;2584.1165;1.0; 189.78839;-356.5936;2636.9478;1.0; 211.7378;-831.3101;2573.6833;1.0; 
69.639984;815.3702;2490.0837;1.0; 80.92659;584.7994;2530.5693;1.0; -112.57855;575.74756;2529.3203;1.0; -112.59444;264.00757;2529.3416;0.5; -113.35139;-47.717716;2526.4053;0.5; 274.43173;593.8512;2531.8186;1.0; 437.44003;270.6936;2514.8872;1.0; 687.5848;110.733284;2447.0886;1.0; 91.8257;348.158;2556.9883;1.0; -7.1721754;106.3758;2582.6978;1.0; -34.14573;-366.8414;2633.9375;1.0; -35.778717;-821.08936;2626.6787;1.0; 212.6218;116.65737;2584.1165;1.0; 189.78839;-356.5936;2636.9478;1.0; 211.7378;-831.3101;2573.6833;1.0; 
72.192795;810.26324;2481.3853;1.0; 83.33196;581.6285;2527.3645;1.0; -110.17152;572.4042;2526.7146;1.0; -110.18424;260.66418;2526.7317;0.5; -110.866;-51.06389;2524.089;0.5; 276.83545;590.8527;2528.0142;1.0; 434.2256;262.85214;2517.4438;1.0; 683.84503;89.516205;2457.787;1.0; 94.48601;345.49945;2557.7803;1.0; -4.2551947;104.13177;2587.8271;1.0; -35.75515;-369.2244;2634.7937;1.0; -34.384613;-818.587;2627.265;1.0; 215.5353;114.60912;2588.5652;1.0; 191.51698;-358.88876;2638.6921;1.0; 210.87479;-835.77875;2573.6826;1.0; 
72.192795;810.26324;2481.3853;1.0; 83.33196;581.6285;2527.3645;1.0; -110.17152;572.4042;2526.7146;1.0; -110.18424;260.66418;2526.7317;0.5; -110.866;-51.06389;2524.089;0.5; 276.83545;590.8527;2528.0142;1.0; 434.2256;262.85214;2517.4438;1.0; 683.84503;89.516205;2457.787;1.0; 94.48601;345.49945;2557.7803;1.0; -4.2551947;104.13177;2587.8271;1.0; -35.75515;-369.2244;2634.7937;1.0; -34.384613;-818.587;2627.265;1.0; 215.5353;114.60912;2588.5652;1.0; 191.51698;-358.88876;2638.6921;1.0; 210.87479;-835.77875;2573.6826;1.0; 
75.47956;810.9977;2482.534;1.0; 85.05525;582.1266;2527.8062;1.0; -108.47643;573.64545;2526.2612;1.0; -108.48664;261.90546;2526.275;0.5; -109.100624;-49.8249;2523.8967;0.5; 278.58694;590.6077;2529.351;1.0; 437.11423;264.42303;2518.2202;1.0; 690.4785;91.18394;2461.331;1.0; 95.156586;345.9929;2558.7173;1.0; -4.655754;105.04244;2588.751;1.0; -38.05303;-368.5354;2632.1487;1.0; -39.055687;-820.7638;2621.9922;1.0; 215.17159;114.67595;2590.5059;1.0; 185.78036;-359.04706;2634.8215;1.0; 207.10945;-831.2957;2570.5598;1.0; 
75.47956;810.9977;2482.534;1.0; 85.05525;582.1266;2527.8062;1.0; -108.47643;573.64545;2526.2612;1.0; -108.48664;261.90546;2526.275;0.5; -109.100624;-49.8249;2523.8967;0.5; 278.58694;590.6077;2529.351;1.0; 437.11423;264.42303;2518.2202;1.0; 690.4785;91.18394;2461.331;1.0; 95.156586;345.9929;2558.7173;1.0; -4.655754;105.04244;2588.751;1.0; -38.05303;-368.5354;2632.1487;1.0; -39.055687;-820.7638;2621.9922;1.0; 215.17159;114.67595;2590.5059;1.0; 185.78036;-359.04706;2634.8215;1.0; 207.10945;-831.2957;2570.5598;1.0; 
73.921646;810.41907;2483.6125;1.0; 83.09379;581.51263;2528.0557;1.0; -110.45572;573.55023;2525.9094;1.0; -110.463875;261.81024;2525.9204;0.5; -111.016815;-49.921936;2523.7803;0.5; 276.64328;589.4751;2530.2021;1.0; 439.06012;265.71268;2518.6143;1.0; 705.0055;117.57002;2452.5786;1.0; 92.48928;345.16583;2557.5952;1.0; -8.037761;104.296906;2585.9158;1.0; -41.42928;-369.20325;2630.3894;1.0; -40.712364;-823.0811;2617.7014;1.0; 211.80731;113.34112;2588.3535;1.0; 183.62907;-360.3717;2633.9475;1.0; 202.87238;-830.01733;2566.6614;1.0; 
73.921646;810.41907;2483.6125;1.0; 83.09379;581.51263;2528.0557;1.0; -110.45572;573.55023;2525.9094;1.0; -110.463875;261.81024;2525.9204;0.5; -111.016815;-49.921936;2523.7803;0.5; 276.64328;589.4751;2530.2021;1.0; 439.06012;265.71268;2518.6143;1.0; 705.0055;117.57002;2452.5786;1.0; 92.48928;345.16583;2557.5952;1.0; -8.037761;104.296906;2585.9158;1.0; -41.42928;-369.20325;2630.3894;1.0; -40.712364;-823.0811;2617.7014;1.0; 211.80731;113.34112;2588.3535;1.0; 183.62907;-360.3717;2633.9475;1.0; 202.87238;-830.01733;2566.6614;1.0; 
71.97847;810.7347;2485.1553;1.0; 81.63511;581.20746;2528.6172;1.0; -111.9227;573.5157;2526.1008;1.0; -111.92923;261.7757;2526.1096;0.5; -112.427155;-49.95799;2524.1833;0.5; 275.1929;588.89923;2531.1335;1.0; 449.03256;271.8566;2511.3142;1.0; 727.4003;155.49336;2439.8374;1.0; 90.66377;344.70465;2557.0537;1.0; -10.234637;103.83344;2584.0613;1.0; -40.836525;-369.7057;2630.111;1.0; -37.86408;-821.1319;2617.9111;1.0; 209.6195;112.57022;2586.9194;1.0; 187.8706;-361.66544;2630.2573;1.0; 201.92625;-825.112;2569.9727;1.0; 
0.0;0.0;0.0;0.0; 0.0;0.0;0.0;0.0; 0.0;0.0;0.0;0.0; 0.0;0.0;0.0;0.0; 0.0;0.0;0.0;0.0; 0.0;0.0;0.0;0.0; 0.0;0.0;0.0;0.0; 0.0;0.0;0.0;0.0; 0.0;0.0;0.0;0.0; 0.0;0.0;0.0;0.0; 0.0;0.0;0.0;0.0; 0.0;0.0;0.0;0.0; 0.0;0.0;0.0;0.0; 0.0;0.0;0.0;0.0; 0.0;0.0;0.0;0.0; 
